0	0	0	0.1	1	-0	0	0	1	-0	0	0	1
0.01	0	0	0.099481	1	-0	0	0	1	-0	0	0	1
0.02	0	0	0.098013	1	-0	0	0	1	-0	0	0	1
0.03	0	0	0.095389	1	-0	0	0	1	-0	0	0	1
0.04	0	0	0.092141	1	-0	0	0	1	-0	0	0	1
0.05	0	0	0.087534	1	-0	0	0	1	-0	0	0	1
0.06	0	5.2065e-030	0.08234	1	-0	0	0	1	1.0159e-028	-0	-1.0159e-028	1
0.07	0	3.5734e-020	0.076197	1	-0	0	0	1	6.9725e-019	-0	-6.9725e-019	1
0.08	0	2.3018e-021	0.070789	1	-0	0	0	1	4.4914e-020	-0	-4.4914e-020	1
0.09	0	-6.6577e-020	0.067458	1	-0	0	0	1	-1.2991e-018	0	1.2991e-018	1
0.1	0	2.6802e-019	0.066491	1	-0	0	0	1	5.2296e-018	-0	-5.2296e-018	1
0.11	0	3.6461e-019	0.067494	1	-0	0	0	1	7.1143e-018	-0	-7.1143e-018	1
0.12	0	2.1153e-019	0.069808	1	-0	0	0	1	4.1274e-018	-0	-4.1274e-018	1
0.13	0	1.1153e-019	0.072816	1	-0	0	0	1	2.1762e-018	-0	-2.1762e-018	1
0.14	0	2.8959e-020	0.076	1	-0	0	0	1	5.6506e-019	-0	-5.6506e-019	1
0.15	0	1.6145e-020	0.078927	1	-0	0	0	1	3.1502e-019	-0	-3.1502e-019	1
0.16	0	1.5103e-019	0.081233	1	-0	0	0	1	2.947e-018	-0	-2.947e-018	1
0.17	0	3.3327e-019	0.082604	1	-0	0	0	1	6.5029e-018	-0	-6.5029e-018	1
0.18	0	5.2018e-019	0.082929	1	-0	0	0	1	1.015e-017	-0	-1.015e-017	1
0.19	0	7.0491e-019	0.082313	1	-0	0	0	1	1.3754e-017	-0	-1.3754e-017	1
0.2	0	8.9143e-019	0.080879	1	-0	0	0	1	1.7394e-017	-0	-1.7394e-017	1
0.21	0	1.1787e-018	0.078541	1	-0	0	0	1	2.3e-017	-0	-2.3e-017	1
0.22	0	1.532e-018	0.075995	1	-0	0	0	1	2.9893e-017	-0	-2.9893e-017	1
0.23	0	1.9468e-018	0.073847	1	-0	0	0	1	3.7987e-017	-0	-3.7987e-017	1
0.24	0	2.3967e-018	0.072523	1	-0	0	0	1	4.6765e-017	-0	-4.6765e-017	1
0.25	0	2.8436e-018	0.072204	1	-0	0	0	1	5.5485e-017	-0	-5.5485e-017	1
0.26	0	3.303e-018	0.072694	1	-0	0	0	1	6.4449e-017	-0	-6.4449e-017	1
0.27	0	3.8841e-018	0.073815	1	-0	0	0	1	7.5788e-017	-0	-7.5788e-017	1
0.28	0	4.4932e-018	0.075275	1	-0	0	0	1	8.7671e-017	-0	-8.7671e-017	1
0.29	0	5.1894e-018	0.076787	1	-0	0	0	1	1.0126e-016	-0	-1.0126e-016	1
0.3	0	5.9815e-018	0.078106	1	-0	0	0	1	1.1671e-016	-0	-1.1671e-016	1
0.31	0	6.8442e-018	0.079047	1	-0	0	0	1	1.3355e-016	-0	-1.3355e-016	1
0.32	0	7.7248e-018	0.079441	1	-0	0	0	1	1.5073e-016	-0	-1.5073e-016	1
0.33	0	8.6042e-018	0.079232	1	-0	0	0	1	1.6789e-016	-0	-1.6789e-016	1
0.34	0	9.5473e-018	0.078547	1	-0	0	0	1	1.8629e-016	-0	-1.8629e-016	1
0.35	0	1.0654e-017	0.077527	1	-0	0	0	1	2.0788e-016	-0	-2.0788e-016	1
0.36	0	1.1967e-017	0.076416	1	-0	0	0	1	2.3351e-016	-0	-2.3351e-016	1
0.37	0	1.3547e-017	0.075455	1	-0	0	0	1	2.6433e-016	-0	-2.6433e-016	1
0.38	0	1.5528e-017	0.074843	1	-0	0	0	1	3.0298e-016	-0	-3.0298e-016	1
0.39	0	1.793e-017	0.07464	1	-0	0	0	1	3.4986e-016	-0	-3.4986e-016	1
0.4	0	2.077e-017	0.074855	1	-0	0	0	1	4.0526e-016	-0	-4.0526e-016	1
0.41	0	2.4064e-017	0.075344	1	-0	0	0	1	4.6955e-016	-0	-4.6955e-016	1
0.42	0	2.7934e-017	0.076011	1	-0	0	0	1	5.4505e-016	-0	-5.4505e-016	1
0.43	0	3.2327e-017	0.076705	1	-0	0	0	1	6.3077e-016	-0	-6.3077e-016	1
0.44	0	3.74e-017	0.077272	1	-0	0	0	1	7.2975e-016	-0	-7.2975e-016	1
0.45	0	4.3002e-017	0.077688	1	-0	0	0	1	8.3905e-016	-0	-8.3905e-016	1
0.46	0	4.9296e-017	0.077924	1	-0	0	0	1	9.6188e-016	-0	-9.6188e-016	1
0.47	0	5.6354e-017	0.077982	1	-0	0	0	1	1.0996e-015	-0	-1.0996e-015	1
0.48	0	6.4348e-017	0.077846	1	-0	0	0	1	1.2556e-015	-0	-1.2556e-015	1
0.49	0	7.3336e-017	0.077528	1	-0	0	0	1	1.4309e-015	-0	-1.4309e-015	1
0.5	0	8.3404e-017	0.077059	1	-0	0	0	1	1.6274e-015	-0	-1.6274e-015	1
0.51	0	9.5095e-017	0.076557	1	-0	0	0	1	1.8555e-015	-0	-1.8555e-015	1
0.52	0	1.0854e-016	0.076092	1	-0	0	0	1	2.1179e-015	-0	-2.1179e-015	1
0.53	0	1.2449e-016	0.075823	1	-0	0	0	1	2.429e-015	-0	-2.429e-015	1
0.54	0	1.4303e-016	0.075755	1	-0	0	0	1	2.7908e-015	-0	-2.7908e-015	1
0.55	0	1.6482e-016	0.075905	1	-0	0	0	1	3.2159e-015	-0	-3.2159e-015	1
0.56	0	1.9002e-016	0.076144	1	-0	0	0	1	3.7078e-015	-0	-3.7078e-015	1
0.57	0	2.1872e-016	0.076401	1	-0	0	0	1	4.2676e-015	-0	-4.2676e-015	1
0.58	0	2.516e-016	0.076678	1	-0	0	0	1	4.9093e-015	-0	-4.9093e-015	1
0.59	0	2.8906e-016	0.076956	1	-0	0	0	1	5.6402e-015	-0	-5.6402e-015	1
0.6	0	3.3188e-016	0.077058	1	-0	0	0	1	6.4758e-015	-0	-6.4758e-015	1
0.61	0	3.7825e-016	0.077038	1	-0	0	0	1	7.3804e-015	-0	-7.3804e-015	1
0.62	0	4.322e-016	0.076939	1	-0	0	0	1	8.4331e-015	-0	-8.4331e-015	1
0.63	0	4.9465e-016	0.076859	1	-0	0	0	1	9.6517e-015	-0	-9.6517e-015	1
0.64	0	5.6615e-016	0.076797	1	-0	0	0	1	1.1047e-014	-0	-1.1047e-014	1
0.65	0	6.6275e-016	0.07677	1	-0	0	0	1	1.2932e-014	-0	-1.2932e-014	1
0.66	0	7.7598e-016	0.076762	1	-0	0	0	1	1.5141e-014	-0	-1.5141e-014	1
0.67	0	8.8922e-016	0.076755	1	-0	0	0	1	1.7351e-014	-0	-1.7351e-014	1
0.68	0	1.0025e-015	0.076748	1	-0	0	0	1	1.956e-014	-0	-1.956e-014	1
0.69	0	1.14e-015	0.076771	1	-0	0	0	1	2.2244e-014	-0	-2.2244e-014	1
0.7	0	1.3089e-015	0.076825	1	-0	0	0	1	2.554e-014	-0	-2.554e-014	1
0.71	0	1.501e-015	0.076896	1	-0	0	0	1	2.9287e-014	-0	-2.9287e-014	1
0.72	0	-1.8645e-005	0.076974	1	-0	0	0	1	-0.00036384	0	0.00036384	1
