0	0.20551	0.75513	0	45.101	-27.581	474.16	0	0	0
0.010007	0.20523	0.7542	0	45.347	-26.951	473.99	0	0	0
0.020013	0.20457	0.75346	0	44.807	-26.732	473.83	0	0	0
0.03002	0.20412	0.75282	0	44.834	-25.965	476.41	0	0	0
0.040027	0.20397	0.75188	0	44.259	-25.067	477.8	0	0	0
0.050034	0.20317	0.75113	0	44.487	-23.998	481.41	0	0	0
0.06004	0.20269	0.75051	0	43.84	-23.702	483.82	0	0	0
0.070047	0.20238	0.75004	0	43.819	-22.35	485.96	0	0	0
0.080054	0.20186	0.7492	0	42.526	-21.647	484.89	0	0	0
0.09006	0.20083	0.74865	0	42.471	-20.602	483.75	0	0	0
0.10007	0.19999	0.74777	0	41.201	-19.27	479.59	0	0	0
0.11007	0.19883	0.74709	0	41.366	-18.06	476.94	0	0	0
0.12008	0.19774	0.74623	0	41.048	-17.422	472.68	0	0	0
0.13009	0.19625	0.74567	0	41.596	-16.374	471.47	0	0	0
0.14009	0.1949	0.74466	0	42.424	-15.842	468.67	0	0	0
0.1501	0.19355	0.74388	0	43.757	-15.608	467.18	0	0	0
0.16011	0.1923	0.74298	0	44.959	-15.069	465.42	0	0	0
0.17011	0.19105	0.74237	0	46.475	-14.246	466.5	0	0	0
0.18012	0.1899	0.74152	0	47.307	-14.258	466.69	0	0	0
0.19013	0.18885	0.74101	0	47.844	-13.803	467.44	0	0	0
0.20013	0.18768	0.74038	0	47.788	-13.356	467.18	0	0	0
0.21014	0.18652	0.73974	0	48.393	-12.94	465.83	0	0	0
0.22015	0.18558	0.73901	0	48.551	-12.974	462.38	0	0	0
0.23015	0.18454	0.73864	0	49.437	-12.548	461.53	0	0	0
0.24016	0.18361	0.73782	0	50.152	-12.379	460.07	0	0	0
0.25017	0.18289	0.73762	0	51.572	-11.66	460.65	0	0	0
0.26017	0.18213	0.73705	0	52.618	-11.285	460.44	0	0	0
0.27018	0.1815	0.73697	0	53.617	-11.054	461.8	0	0	0
0.28019	0.18119	0.73657	0	54.224	-10.703	463.02	0	0	0
0.29019	0.18058	0.73658	0	55.118	-10.57	464.87	0	0	0
0.3002	0.18016	0.73636	0	54.915	-10.625	465.94	0	0	0
0.31021	0.18018	0.73647	0	55.275	-10.383	468.68	0	0	0
0.32021	0.18014	0.73647	0	55.273	-10.303	469.56	0	0	0
0.33022	0.17989	0.7367	0	55.283	-10.565	471.99	0	0	0
0.34023	0.17992	0.73672	0	54.826	-10.934	473.37	0	0	0
0.35023	0.18014	0.73744	0	54.78	-11.047	476	0	0	0
0.36024	0.18028	0.73753	0	54.156	-11.608	475.93	0	0	0
0.37025	0.18042	0.73817	0	54.226	-11.727	477.02	0	0	0
0.38026	0.18047	0.73861	0	53.898	-12.404	476.14	0	0	0
0.39026	0.18058	0.73926	0	53.92	-12.789	478.07	0	0	0
0.40027	0.18084	0.73957	0	53.925	-12.981	477.13	0	0	0
0.41028	0.18116	0.74043	0	53.854	-13.352	480.4	0	0	0
0.42028	0.18138	0.74068	0	53.525	-13.828	479.95	0	0	0
0.43029	0.1815	0.74137	0	52.637	-13.695	481.98	0	0	0
0.4403	0.18174	0.74171	0	52.272	-14.078	482.67	0	0	0
0.4503	0.18186	0.7424	0	51.999	-14.14	484.24	0	0	0
0.46031	0.18217	0.74279	0	51.602	-14.518	484.6	0	0	0
0.47032	0.18252	0.74326	0	51.568	-14.461	483.46	0	0	0
0.48032	0.18218	0.74369	0	51.865	-14.445	479.37	0	0	0
0.49033	0.18246	0.74423	0	52.491	-14.603	478.49	0	0	0
0.50034	0.18264	0.74447	0	52.299	-14.691	475.43	0	0	0
0.51034	0.18306	0.74509	0	52.986	-14.572	475.33	0	0	0
0.52035	0.18296	0.74511	0	52.907	-14.48	474.42	0	0	0
0.53036	0.18327	0.74561	0	53.326	-13.941	475.18	0	0	0
0.54036	0.18361	0.74573	0	53.449	-13.895	475.71	0	0	0
0.55037	0.18385	0.74622	0	53.377	-14.115	477.05	0	0	0
0.56038	0.18424	0.7468	0	53.308	-14.647	477.96	0	0	0
0.57038	0.18466	0.74726	0	52.958	-15.42	479.87	0	0	0
0.58039	0.185	0.74757	0	52.814	-15.841	479.6	0	0	0
0.5904	0.1853	0.74831	0	53.531	-16.389	481.88	0	0	0
0.6004	0.18576	0.74862	0	53.669	-17.524	483.64	0	0	0
0.61041	0.18625	0.74928	0	54.365	-17.902	485.08	0	0	0
0.62042	0.1866	0.74967	0	54.451	-17.832	485.56	0	0	0
0.63042	0.1873	0.75031	0	54.711	-18.181	488.11	0	0	0
0.64043	0.18774	0.75082	0	54.861	-18.727	488.02	0	0	0
0.65044	0.18833	0.7514	0	54.916	-19.427	488.88	0	0	0
0.66044	0.18887	0.75195	0	54.735	-20.55	488.08	0	0	0
0.67045	0.18968	0.75272	0	55.114	-21.57	487.47	0	0	0
0.68046	0.19029	0.75337	0	54.831	-22.322	486.65	0	0	0
0.69046	0.19097	0.75399	0	55.233	-22.635	486.26	0	0	0
0.70047	0.19181	0.75471	0	55.019	-23.273	485.77	0	0	0
0.71048	0.19261	0.7552	0	55.524	-23.405	487.92	0	0	0
0.72048	0.19359	0.75554	0	55.149	-23.123	488.96	0	0	0
0.73049	0.19458	0.75638	0	55.155	-23.406	492.1	0	0	0
0.7405	0.1958	0.75685	0	54.899	-23.711	495.12	0	0	0
0.7505	0.19688	0.75743	0	54.907	-23.928	497.89	0	0	0
0.76051	0.19827	0.75764	0	54.066	-24.353	500.09	0	0	0
0.77052	0.19939	0.7583	0	53.283	-24.795	501.92	0	0	0
0.78052	0.20056	0.75861	0	52.633	-25.672	501.58	0	0	0
0.79053	0.2018	0.75919	0	52.201	-26.146	501.91	0	0	0
0.80054	0.20292	0.75946	0	51.367	-27.128	501.28	0	0	0
0.81054	0.20384	0.75994	0	51.161	-27.643	501.98	0	0	0
0.82055	0.20477	0.75997	0	50.82	-27.789	501.15	0	0	0
0.83056	0.20567	0.76024	0	51.303	-27.64	503.19	0	0	0
0.84056	0.20643	0.76037	0	51.188	-27.676	504.58	0	0	0
0.85057	0.20754	0.76063	0	51.341	-27.098	505.88	0	0	0
0.86058	0.20846	0.76065	0	50.549	-26.871	506.61	0	0	0
0.87058	0.2095	0.7609	0	49.781	-26.972	507.07	0	0	0
0.88059	0.21039	0.76107	0	48.787	-27.396	505.99	0	0	0
0.8906	0.21136	0.76115	0	48.082	-26.95	504.72	0	0	0
0.9006	0.21216	0.76124	0	47.262	-27.172	502.46	0	0	0
0.91061	0.21279	0.76133	0	46.79	-27.153	500.56	0	0	0
0.92062	0.21359	0.76117	0	46.703	-27.009	499.17	0	0	0
0.93062	0.21412	0.76135	0	46.924	-26.852	498.24	0	0	0
0.94063	0.21504	0.76095	0	47.012	-26.738	499.02	0	0	0
0.95064	0.21562	0.76117	0	47.13	-25.958	501.24	0	0	0
0.96064	0.21644	0.76075	0	46.958	-25.436	500.95	0	0	0
0.97065	0.21748	0.76073	0	46.674	-24.87	501.05	0	0	0
0.98066	0.2185	0.7604	0	45.538	-24.666	496.33	0	0	0
0.99066	0.21979	0.76015	0	44.84	-24.224	491.58	0	0	0
1.0007	0.2208	0.75999	0	43.065	-24.439	486.46	0	0	0
1.0107	0.22203	0.75975	0	41.695	-23.973	485.06	0	0	0
1.0207	0.22316	0.75966	0	40.213	-24.308	483.45	0	0	0
1.0307	0.22396	0.75915	0	39.847	-24.206	484.47	0	0	0
1.0407	0.22484	0.75894	0	39.615	-23.639	485.88	0	0	0
1.0507	0.22525	0.75867	0	39.879	-22.967	487.97	0	0	0
1.0607	0.22596	0.75842	0	40.322	-22.298	490.03	0	0	0
1.0707	0.22652	0.75797	0	40.051	-21.415	493.33	0	0	0
1.0807	0.22704	0.75763	0	39.746	-21.182	493.36	0	0	0
1.0907	0.22743	0.75756	0	39.364	-20.68	493.95	0	0	0
1.1007	0.22819	0.75722	0	39.198	-20.439	492.37	0	0	0
1.1107	0.2285	0.75685	0	38.575	-21.016	490.87	0	0	0
1.1208	0.22909	0.75677	0	38.593	-21.527	488.19	0	0	0
1.1308	0.22948	0.75676	0	37.924	-21.441	487.52	0	0	0
1.1408	0.22967	0.75642	0	37.849	-21.614	484.79	0	0	0
1.1508	0.23016	0.7564	0	37.755	-21.291	485.43	0	0	0
1.1608	0.23043	0.75603	0	37.643	-21.303	483.93	0	0	0
1.1708	0.23064	0.7557	0	37.408	-21.013	485.12	0	0	0
1.1808	0.23088	0.75553	0	37.665	-20.828	485.92	0	0	0
1.1908	0.23097	0.75536	0	37.43	-20.378	487.72	0	0	0
1.2008	0.23116	0.75499	0	36.923	-20.344	487.58	0	0	0
1.2108	0.23121	0.75509	0	36.778	-20.398	488.55	0	0	0
1.2208	0.23131	0.75471	0	37.081	-20.494	486.37	0	0	0
1.2308	0.23137	0.75476	0	37.265	-20.864	485.31	0	0	0
1.2408	0.23147	0.75416	0	37.263	-20.535	485.13	0	0	0
1.2508	0.23151	0.75406	0	36.946	-19.757	485.44	0	0	0
1.2608	0.23167	0.75379	0	36.225	-19.636	487.05	0	0	0
1.2709	0.23178	0.75366	0	35.481	-18.528	489.81	0	0	0
1.2809	0.23183	0.75323	0	35.032	-17.86	490.57	0	0	0
1.2909	0.23179	0.75312	0	33.512	-17.001	491.73	0	0	0
1.3009	0.23201	0.75277	0	32.477	-16.399	489.63	0	0	0
1.3109	0.23183	0.75254	0	31.984	-15.799	486.92	0	0	0
1.3209	0.23174	0.75217	0	31.818	-15.361	484.62	0	0	0
1.3309	0.23122	0.75219	0	32.486	-14.888	483.37	0	0	0
1.3409	0.23118	0.75165	0	33.429	-14.556	482.25	0	0	0
1.3509	0.23069	0.75157	0	34.539	-14.241	482.86	0	0	0
1.3609	0.23029	0.75134	0	35.328	-13.76	483.51	0	0	0
1.3709	0.22988	0.75121	0	36.269	-13.665	484.5	0	0	0
1.3809	0.22977	0.75128	0	36.771	-13.889	484.43	0	0	0
1.3909	0.22926	0.75129	0	37.476	-14.125	484.51	0	0	0
1.4009	0.22907	0.75102	0	37.452	-14.13	482.11	0	0	0
1.4109	0.2287	0.75116	0	37.2	-13.734	480.63	0	0	0
1.421	0.22862	0.75078	0	36.556	-13.83	476.51	0	0	0
1.431	0.22801	0.75075	0	36.031	-13.935	473.17	0	0	0
1.441	0.2277	0.75052	0	35.554	-13.636	469.9	0	0	0
1.451	0.22691	0.75066	0	35.917	-13.576	469.53	0	0	0
1.461	0.22625	0.75069	0	35.706	-14.062	469.47	0	0	0
1.471	0.22545	0.75065	0	36.622	-14.048	471.35	0	0	0
1.481	0.22483	0.75043	0	37.351	-13.984	473.71	0	0	0
1.491	0.22381	0.75055	0	38.244	-14.231	476.27	0	0	0
1.501	0.22341	0.75036	0	38.91	-15.082	479.31	0	0	0
1.511	0.22261	0.7505	0	39.895	-15.518	480.91	0	0	0
1.521	0.22182	0.7503	0	40.175	-15.958	482.1	0	0	0
1.531	0.22128	0.75032	0	40.958	-16.209	484.01	0	0	0
1.541	0.22058	0.75019	0	40.936	-16.573	484.75	0	0	0
1.551	0.21993	0.75015	0	41.542	-16.418	485.25	0	0	0
1.561	0.2194	0.74985	0	41.451	-16.073	484.21	0	0	0
1.5711	0.21873	0.74978	0	41.786	-15.725	484.47	0	0	0
1.5811	0.21813	0.74976	0	41.73	-16.057	483.83	0	0	0
1.5911	0.21763	0.74965	0	41.788	-15.939	483.7	0	0	0
1.6011	0.21703	0.74925	0	41.492	-15.925	481.88	0	0	0
1.6111	0.21631	0.74953	0	41.239	-16.032	482.01	0	0	0
1.6211	0.21577	0.74917	0	41.163	-16.312	482.02	0	0	0
1.6311	0.21538	0.74923	0	41.291	-16.03	481.41	0	0	0
1.6411	0.21479	0.74896	0	41.281	-16.168	480.78	0	0	0
1.6511	0.21421	0.74886	0	41.631	-16.176	480.86	0	0	0
1.6611	0.21353	0.74875	0	41.52	-16.669	480.31	0	0	0
1.6711	0.21283	0.74884	0	42.025	-17.181	481.97	0	0	0
1.6811	0.2121	0.74848	0	41.936	-17.318	480.92	0	0	0
1.6911	0.21131	0.74842	0	42.481	-17.178	482	0	0	0
1.7011	0.21058	0.74833	0	42.966	-17.467	481.74	0	0	0
1.7111	0.20978	0.74816	0	43.724	-17.26	483.57	0	0	0
1.7212	0.209	0.74781	0	44.189	-17.278	483.94	0	0	0
1.7312	0.20836	0.74792	0	45.009	-17.106	486.22	0	0	0
1.7412	0.20771	0.74774	0	45.046	-17.485	487.94	0	0	0
1.7512	0.20706	0.74759	0	45.167	-18.052	490.26	0	0	0
1.7612	0.20636	0.74758	0	45.097	-18.496	490.86	0	0	0
1.7712	0.20576	0.74754	0	45.279	-18.321	492.92	0	0	0
1.7812	0.20491	0.74725	0	45.188	-18.336	492.06	0	0	0
1.7912	0.20431	0.74723	0	45.372	-18.074	492.64	0	0	0
1.8012	0.20337	0.74696	0	45.389	-18.399	493.43	0	0	0
1.8112	0.20262	0.74692	0	45.875	-18.214	494.88	0	0	0
1.8212	0.2018	0.74677	0	46.282	-18.295	496.17	0	0	0
1.8312	0.20087	0.74661	0	47.032	-18.28	497.92	0	0	0
1.8412	0.20005	0.7465	0	47.395	-18.451	499.48	0	0	0
1.8512	0.19931	0.74629	0	47.965	-18.241	501.46	0	0	0
1.8612	0.19873	0.74606	0	48.373	-18.626	502.18	0	0	0
1.8713	0.1978	0.74623	0	48.969	-18.858	503.54	0	0	0
1.8813	0.19691	0.74577	0	49.221	-18.796	503.37	0	0	0
1.8913	0.19604	0.74593	0	49.675	-18.691	503.93	0	0	0
1.9013	0.19522	0.7458	0	49.607	-18.931	503.12	0	0	0
1.9113	0.19448	0.74569	0	49.99	-18.804	503.69	0	0	0
1.9213	0.19366	0.74526	0	49.929	-18.938	503.2	0	0	0
1.9313	0.19302	0.74549	0	50.064	-18.787	505.21	0	0	0
1.9413	0.19221	0.74528	0	50.075	-18.945	505.49	0	0	0
1.9513	0.19158	0.74514	0	50.462	-19.245	505.1	0	0	0
1.9613	0.19093	0.74493	0	50.173	-19.776	504.08	0	0	0
1.9713	0.19022	0.74477	0	50.583	-19.252	503.14	0	0	0
1.9813	0.18958	0.74437	0	50.674	-18.966	500.93	0	0	0
1.9913	0.18902	0.74442	0	50.938	-18.784	501.81	0	0	0
2.0013	0.18818	0.74414	0	51.451	-18.768	500.55	0	0	0
2.0113	0.18777	0.74426	0	52.025	-18.431	501.28	0	0	0
2.0214	0.18722	0.744	0	52.002	-18.278	500.47	0	0	0
2.0314	0.18679	0.74409	0	52.44	-18.051	500.28	0	0	0
2.0414	0.1863	0.74391	0	52.419	-17.98	499.41	0	0	0
2.0514	0.18607	0.74407	0	52.181	-17.901	499.49	0	0	0
2.0614	0.18565	0.74394	0	52.186	-17.541	498.19	0	0	0
2.0714	0.18521	0.74389	0	52.133	-17.354	498.44	0	0	0
2.0814	0.18493	0.7439	0	52.226	-17.168	497.28	0	0	0
2.0914	0.18459	0.74401	0	52.915	-16.903	496.27	0	0	0
2.1014	0.18452	0.74423	0	53.812	-16.665	495.75	0	0	0
2.1114	0.18442	0.74455	0	55.646	-16.439	496.1	0	0	0
2.1214	0.18473	0.74505	0	56.899	-16.446	494.75	0	0	0
2.1314	0.18525	0.74603	0	57.697	-17.515	494.69	0	0	0
2.1414	0.18613	0.74668	0	57.483	-18.1	493.12	0	0	0
2.1514	0.18676	0.74751	0	56.266	-18.516	492.58	0	0	0
2.1614	0.18764	0.74803	0	54.359	-18.282	492.55	0	0	0
2.1715	0.18835	0.74868	0	52.687	-17.762	494.31	0	0	0
2.1815	0.18893	0.74884	0	50.865	-17.72	494.84	0	0	0
2.1915	0.18947	0.74943	0	49.469	-17.444	497.66	0	0	0
2.2015	0.18999	0.74966	0	48.501	-17.489	499.81	0	0	0
2.2115	0.19058	0.75018	0	48.252	-17.461	503.11	0	0	0
2.2215	0.19094	0.75059	0	48.777	-17.275	503.87	0	0	0
2.2315	0.19144	0.75127	0	49.569	-17.909	504.27	0	0	0
2.2415	0.1922	0.75176	0	49.908	-18.646	503.27	0	0	0
2.2515	0.19281	0.75241	0	48.949	-19.205	505.68	0	0	0
2.2615	0.19329	0.75278	0	48.09	-19.336	506.65	0	0	0
2.2715	0.1939	0.75306	0	47.305	-19.331	510.26	0	0	0
2.2815	0.19432	0.75336	0	46.223	-19.758	511.74	0	0	0
2.2915	0.19449	0.75383	0	45.915	-19.506	512.65	0	0	0
2.3015	0.19455	0.75402	0	45.715	-19.529	512.03	0	0	0
2.3116	0.19466	0.75438	0	45.776	-19.851	512.45	0	0	0
2.3216	0.19469	0.75455	0	46.293	-20.106	512.7	0	0	0
2.3316	0.19477	0.75493	0	46.929	-20.196	514.17	0	0	0
2.3416	0.1949	0.7553	0	47.288	-20.409	514.89	0	0	0
2.3516	0.19488	0.75569	0	47.62	-20.557	517.11	0	0	0
2.3616	0.19509	0.75592	0	47.546	-20.803	517.35	0	0	0
2.3716	0.19524	0.7564	0	47.56	-20.558	518.22	0	0	0
2.3816	0.19531	0.7568	0	47.551	-21.149	517.33	0	0	0
2.3916	0.19555	0.75738	0	47.345	-21.671	516.73	0	0	0
2.4016	0.19581	0.75786	0	47.433	-22.429	515.31	0	0	0
2.4116	0.19596	0.75845	0	47.833	-23.374	513.38	0	0	0
2.4216	0.1962	0.75892	0	48.023	-23.845	510.18	0	0	0
2.4316	0.19634	0.75926	0	48.811	-24.323	508.8	0	0	0
2.4416	0.19661	0.75954	0	49.272	-24.624	507.72	0	0	0
2.4516	0.19708	0.7601	0	49.752	-24.863	509.9	0	0	0
2.4617	0.19768	0.7603	0	49.915	-24.621	511.57	0	0	0
2.4717	0.19819	0.76068	0	49.967	-24.283	512.78	0	0	0
2.4817	0.19915	0.76099	0	49.867	-24.634	514.38	0	0	0
2.4917	0.20007	0.76138	0	49.222	-24.853	515.15	0	0	0
2.5017	0.20096	0.76175	0	48.131	-25.304	514.22	0	0	0
2.5117	0.2019	0.76205	0	47.229	-25.707	512.59	0	0	0
2.5217	0.20291	0.76223	0	46.24	-25.744	510.52	0	0	0
2.5317	0.20386	0.76246	0	45.814	-25.613	508.83	0	0	0
2.5417	0.20479	0.76236	0	45.415	-25.876	508.68	0	0	0
2.5517	0.20604	0.7625	0	44.871	-26.058	510.5	0	0	0
2.5617	0.2071	0.76223	0	44.361	-26.045	511.75	0	0	0
2.5717	0.20808	0.76231	0	44.039	-25.576	514.94	0	0	0
2.5817	0.20941	0.76203	0	43.418	-25.381	516.93	0	0	0
2.5917	0.21047	0.76212	0	42.754	-25.426	520.38	0	0	0
2.6017	0.2115	0.76198	0	42.276	-25.31	521.48	0	0	0
2.6118	0.21257	0.76207	0	41.952	-24.934	522.44	0	0	0
2.6218	0.21338	0.76192	0	41.777	-24.937	522.72	0	0	0
2.6318	0.21439	0.76193	0	41.44	-25	522.37	0	0	0
2.6418	0.21506	0.76186	0	41.493	-24.859	520.26	0	0	0
2.6518	0.21588	0.76177	0	41.302	-24.68	519.83	0	0	0
2.6618	0.21666	0.76185	0	41.035	-25.015	518.39	0	0	0
2.6718	0.21726	0.7618	0	41.102	-24.763	518.78	0	0	0
2.6818	0.21783	0.76181	0	41.019	-24.936	518.7	0	0	0
2.6918	0.21846	0.76176	0	40.713	-24.794	518.63	0	0	0
2.7018	0.21875	0.76188	0	40.475	-24.633	518.49	0	0	0
2.7118	0.21917	0.76181	0	40.134	-24.763	517.06	0	0	0
2.7218	0.21966	0.76167	0	40.103	-24.798	515.68	0	0	0
2.7318	0.21992	0.76174	0	39.953	-24.503	514.64	0	0	0
2.7418	0.22024	0.76164	0	40.18	-24.723	513.88	0	0	0
2.7518	0.22061	0.76155	0	39.996	-24.656	512.83	0	0	0
2.7619	0.22075	0.7615	0	40.134	-24.56	511.02	0	0	0
2.7719	0.22111	0.76146	0	40.31	-24.187	512.29	0	0	0
2.7819	0.22137	0.7612	0	40.187	-23.787	511.12	0	0	0
2.7919	0.22176	0.76133	0	40.31	-23.513	511.34	0	0	0
2.8019	0.22206	0.76094	0	40.184	-23.124	510.93	0	0	0
2.8119	0.22249	0.76088	0	40.031	-23.024	510.26	0	0	0
2.8219	0.22293	0.76066	0	39.922	-22.443	510.19	0	0	0
2.8319	0.22342	0.76027	0	39.564	-22.165	510.79	0	0	0
2.8419	0.22392	0.75999	0	38.994	-22.318	509.63	0	0	0
2.8519	0.22432	0.7597	0	38.595	-22.35	509.15	0	0	0
2.8619	0.22486	0.75939	0	38.253	-22.367	506.52	0	0	0
2.8719	0.22526	0.75901	0	37.919	-22.167	504	0	0	0
2.8819	0.22576	0.75853	0	37.499	-22.566	500.47	0	0	0
2.8919	0.22615	0.75818	0	37.179	-22.562	499.16	0	0	0
2.9019	0.22676	0.7577	0	36.798	-22.407	498.04	0	0	0
2.912	0.22702	0.75721	0	36.623	-22.09	500.32	0	0	0
2.922	0.22725	0.75677	0	36.519	-21.421	503.92	0	0	0
2.932	0.2275	0.7563	0	36.686	-20.687	509.61	0	0	0
2.942	0.22776	0.75587	0	36.244	-20.669	512.41	0	0	0
2.952	0.22811	0.75564	0	35.844	-20.15	516.05	0	0	0
2.962	0.22816	0.75536	0	35.671	-20.177	518.32	0	0	0
2.972	0.22858	0.75522	0	35.326	-20.107	519.18	0	0	0
2.982	0.22857	0.75488	0	34.944	-20.393	519.03	0	0	0
2.992	0.22873	0.75469	0	34.754	-20.462	518.77	0	0	0
3.002	0.2289	0.75437	0	34.633	-20.665	517.28	0	0	0
3.012	0.22887	0.75422	0	34.259	-20.754	517.83	0	0	0
3.022	0.22897	0.75391	0	34.126	-20.759	517.44	0	0	0
3.032	0.2289	0.75363	0	33.869	-20.285	518.53	0	0	0
3.042	0.22878	0.75322	0	33.535	-19.809	519.83	0	0	0
3.052	0.22862	0.75305	0	33.354	-19.4	520.68	0	0	0
3.0621	0.22859	0.75288	0	32.844	-19.401	520.01	0	0	0
3.0721	0.22825	0.75273	0	32.979	-19.136	519.02	0	0	0
3.0821	0.22803	0.75256	0	32.813	-19.011	516.88	0	0	0
3.0921	0.22767	0.75234	0	32.938	-18.846	514.84	0	0	0
3.1021	0.22731	0.752	0	33.29	-18.71	513.03	0	0	0
3.1121	0.22691	0.75203	0	33.612	-18.611	512.96	0	0	0
3.1221	0.22639	0.75171	0	34.542	-18.285	512.19	0	0	0
3.1321	0.22578	0.75154	0	34.863	-18.098	512.69	0	0	0
3.1421	0.22519	0.7513	0	35.222	-18.278	513.28	0	0	0
3.1521	0.22461	0.75116	0	35.386	-18.228	513.44	0	0	0
3.1621	0.22396	0.75105	0	34.829	-17.878	513.25	0	0	0
3.1721	0.22324	0.75102	0	34.198	-17.94	513.37	0	0	0
3.1821	0.2222	0.75086	0	33.909	-18.018	511.6	0	0	0
3.1921	0.22125	0.75075	0	34.1	-17.529	510.83	0	0	0
3.2021	0.22033	0.7504	0	34.358	-17.287	510.43	0	0	0
3.2122	0.21909	0.75021	0	35.422	-17.499	510.61	0	0	0
3.2222	0.21797	0.74986	0	36.383	-17.908	510.38	0	0	0
3.2322	0.21692	0.74968	0	37.637	-18.084	511.48	0	0	0
3.2422	0.21598	0.74931	0	38.818	-18.254	511.43	0	0	0
3.2522	0.21506	0.74919	0	39.604	-18.314	511.55	0	0	0
3.2622	0.21422	0.74893	0	40.198	-18.628	511.65	0	0	0
3.2722	0.21333	0.74871	0	40.542	-18.59	511.35	0	0	0
3.2822	0.21258	0.74822	0	40.803	-18.099	509.91	0	0	0
3.2922	0.21181	0.7481	0	41.119	-17.795	509.57	0	0	0
3.3022	0.21103	0.74755	0	41.206	-17.752	509.61	0	0	0
3.3122	0.21028	0.74745	0	41.185	-18.189	510.67	0	0	0
3.3222	0.20949	0.74702	0	41.177	-18.058	510.21	0	0	0
3.3322	0.20862	0.74685	0	41.662	-17.49	509.88	0	0	0
3.3422	0.20805	0.74644	0	41.762	-17.594	508.97	0	0	0
3.3522	0.20733	0.74629	0	42.238	-17.856	509.15	0	0	0
3.3623	0.20659	0.74586	0	42.613	-17.895	508.06	0	0	0
3.3723	0.20583	0.74574	0	43.092	-17.498	508.2	0	0	0
3.3823	0.2052	0.74526	0	43.225	-17.116	507.9	0	0	0
3.3923	0.20433	0.74497	0	43.387	-17.124	508.46	0	0	0
3.4023	0.20363	0.74464	0	43.367	-17.317	508.37	0	0	0
3.4123	0.20292	0.74432	0	43.371	-17.208	510.57	0	0	0
3.4223	0.2021	0.74379	0	43.311	-16.567	511.91	0	0	0
3.4323	0.20139	0.74347	0	43.555	-16.067	513.88	0	0	0
3.4423	0.20065	0.74304	0	43.634	-15.896	515.31	0	0	0
3.4523	0.19995	0.74279	0	44.152	-15.978	516.16	0	0	0
3.4623	0.19909	0.74252	0	44.078	-16.172	516.06	0	0	0
3.4723	0.19843	0.74221	0	44.404	-15.729	515.54	0	0	0
3.4823	0.19771	0.74189	0	44.279	-15.912	515.74	0	0	0
3.4923	0.19672	0.74167	0	44.547	-16.099	515.97	0	0	0
3.5023	0.19603	0.74136	0	44.95	-16.29	516.21	0	0	0
3.5124	0.19534	0.74129	0	45.324	-16.184	516.34	0	0	0
3.5224	0.1947	0.74094	0	45.409	-16.161	516.02	0	0	0
3.5324	0.194	0.74072	0	45.558	-16.226	516.16	0	0	0
3.5424	0.19327	0.74037	0	45.898	-16.12	516.92	0	0	0
3.5524	0.19245	0.74003	0	46.264	-15.881	518.84	0	0	0
3.5624	0.19176	0.73993	0	46.685	-15.892	520.64	0	0	0
3.5724	0.19112	0.73973	0	47.268	-15.888	522.61	0	0	0
3.5824	0.19043	0.73962	0	47.58	-15.824	523.03	0	0	0
3.5924	0.18988	0.73947	0	47.395	-15.782	524.66	0	0	0
3.6024	0.18914	0.73926	0	47.285	-15.464	525.59	0	0	0
3.6124	0.18847	0.7391	0	47.192	-15.372	527.47	0	0	0
3.6224	0.18795	0.73908	0	47.308	-15.546	528.06	0	0	0
3.6324	0.18711	0.73901	0	47.414	-15.474	527.45	0	0	0
3.6424	0.1864	0.73895	0	47.699	-15.991	525.53	0	0	0
3.6524	0.18582	0.73917	0	48.284	-16.029	525.85	0	0	0
3.6625	0.18537	0.73901	0	48.457	-16.121	525.96	0	0	0
3.6725	0.18486	0.73917	0	49.079	-16.239	527.06	0	0	0
3.6825	0.18426	0.73911	0	49.555	-16.222	528.27	0	0	0
3.6925	0.18396	0.73944	0	50.277	-16.069	529.64	0	0	0
3.7025	0.18367	0.73977	0	50.132	-16.286	530.23	0	0	0
3.7125	0.18336	0.74003	0	49.75	-16.337	531.19	0	0	0
3.7225	0.18303	0.74025	0	49.409	-16.487	531.41	0	0	0
3.7325	0.18284	0.74077	0	48.872	-16.636	531.59	0	0	0
3.7425	0.18264	0.74114	0	48.528	-17.464	530.6	0	0	0
3.7525	0.18245	0.74167	0	48.64	-18.001	528.96	0	0	0
3.7625	0.18209	0.74187	0	48.766	-18.046	526.18	0	0	0
3.7725	0.18179	0.74233	0	49.586	-17.684	523.42	0	0	0
3.7825	0.18175	0.74258	0	50.015	-17.559	521.85	0	0	0
3.7925	0.18171	0.74308	0	50.444	-17.87	520.82	0	0	0
3.8026	0.18158	0.74353	0	50.187	-18.204	520.61	0	0	0
3.8126	0.18171	0.74388	0	49.84	-17.959	521.69	0	0	0
3.8226	0.18173	0.74423	0	49.598	-18.588	522.67	0	0	0
3.8326	0.18171	0.74457	0	49.685	-18.967	522.91	0	0	0
3.8426	0.18176	0.74505	0	49.641	-19.011	523.63	0	0	0
3.8526	0.18181	0.7456	0	49.257	-19.175	523.64	0	0	0
3.8626	0.18193	0.74581	0	48.817	-19.387	522.56	0	0	0
3.8726	0.18219	0.74621	0	48.25	-20.083	524.26	0	0	0
3.8826	0.18221	0.74667	0	48.466	-20.833	523.98	0	0	0
3.8926	0.18244	0.74717	0	48.929	-21.457	526.38	0	0	0
3.9026	0.18259	0.74768	0	49.627	-22.322	528.05	0	0	0
3.9126	0.18279	0.74803	0	50.46	-22.732	530.79	0	0	0
3.9226	0.18314	0.7484	0	51.652	-22.251	533.98	0	0	0
3.9326	0.18361	0.7491	0	52.497	-21.803	537.76	0	0	0
3.9426	0.18413	0.74967	0	52.487	-22.264	539.05	0	0	0
3.9527	0.18514	0.75037	0	51.786	-22.779	541.04	0	0	0
3.9627	0.18591	0.7512	0	49.925	-23.103	541.84	0	0	0
3.9727	0.1868	0.75188	0	48.614	-23.141	542.44	0	0	0
3.9827	0.18755	0.75262	0	47.51	-23.999	543.15	0	0	0
3.9927	0.18828	0.75353	0	46.861	-25.084	543.22	0	0	0
4.0027	0.18902	0.75427	0	46.839	-25.835	542.68	0	0	0
4.0127	0.18993	0.75517	0	47.005	-26.37	540.19	0	0	0
4.0227	0.19054	0.75568	0	47.071	-26.284	537.92	0	0	0
4.0327	0.19118	0.75642	0	47.859	-25.934	537.04	0	0	0
4.0427	0.19215	0.75705	0	48.075	-26.112	536.27	0	0	0
4.0527	0.19289	0.75769	0	48.319	-26.237	535.07	0	0	0
4.0627	0.19387	0.7585	0	47.763	-26.984	533.42	0	0	0
4.0727	0.19486	0.75928	0	47.31	-27.579	532.97	0	0	0
4.0827	0.1958	0.75997	0	46.529	-28.104	532.32	0	0	0
4.0927	0.19663	0.76069	0	46.166	-28.489	531.9	0	0	0
4.1028	0.19777	0.76141	0	45.347	-28.745	532.6	0	0	0
4.1128	0.19896	0.76203	0	45.072	-28.729	533.74	0	0	0
4.1228	0.19974	0.76285	0	44.535	-29.372	535.31	0	0	0
4.1328	0.20074	0.76339	0	44.174	-29.385	537.08	0	0	0
4.1428	0.20178	0.76402	0	44.21	-30.033	539.25	0	0	0
4.1528	0.20261	0.76465	0	43.807	-30.368	540.43	0	0	0
4.1628	0.2039	0.76518	0	43.503	-30.296	540.97	0	0	0
4.1728	0.20483	0.7656	0	43.168	-30.491	539.93	0	0	0
4.1828	0.20561	0.76579	0	42.61	-30.537	535.94	0	0	0
4.1928	0.20655	0.76609	0	42.561	-30.66	534.6	0	0	0
4.2028	0.20737	0.76634	0	41.847	-31.133	536.29	0	0	0
4.2128	0.20823	0.76635	0	41.509	-30.92	539.76	0	0	0
4.2228	0.20924	0.76636	0	40.948	-30.389	544.4	0	0	0
4.2328	0.20999	0.76635	0	40.116	-29.752	549.57	0	0	0
4.2428	0.21082	0.76625	0	39.292	-29.586	551.55	0	0	0
4.2529	0.21162	0.76645	0	38.301	-29.639	552.4	0	0	0
4.2629	0.21239	0.76659	0	37.396	-30.075	549.58	0	0	0
4.2729	0.21296	0.76697	0	37.033	-31.239	544.21	0	0	0
4.2829	0.21357	0.76717	0	36.744	-32.451	539.32	0	0	0
4.2929	0.21398	0.76737	0	36.531	-33.685	534.41	0	0	0
4.3029	0.21451	0.76734	0	36.534	-33.935	532.62	0	0	0
4.3129	0.21517	0.76741	0	35.96	-33.533	533.8	0	0	0
4.3229	0.21576	0.76719	0	35.422	-33.098	536.53	0	0	0
4.3329	0.21644	0.7669	0	35.032	-32.123	539.6	0	0	0
4.3429	0.2171	0.76683	0	34.114	-31.231	541.46	0	0	0
4.3529	0.2177	0.76668	0	33.629	-30.732	542.83	0	0	0
4.3629	0.21835	0.76658	0	32.692	-30.589	541.81	0	0	0
4.3729	0.21891	0.76655	0	32.188	-30.467	539.7	0	0	0
4.3829	0.21961	0.76638	0	31.436	-30.878	536.96	0	0	0
4.3929	0.22013	0.76643	0	31.131	-31.018	534.12	0	0	0
4.403	0.22059	0.76632	0	30.872	-30.681	531.82	0	0	0
4.413	0.22108	0.76617	0	30.78	-30.349	530.9	0	0	0
4.423	0.22168	0.76593	0	30.488	-30.193	529.47	0	0	0
4.433	0.22201	0.76571	0	30.511	-29.778	529.91	0	0	0
4.443	0.22259	0.76545	0	30.44	-29.414	529.94	0	0	0
4.453	0.22284	0.76509	0	30.55	-28.856	530.65	0	0	0
4.463	0.22341	0.76486	0	30.246	-28.268	531.08	0	0	0
4.473	0.22383	0.76448	0	30.104	-27.634	531.31	0	0	0
4.483	0.22416	0.76417	0	29.944	-27.125	532.31	0	0	0
4.493	0.22487	0.76384	0	29.669	-26.456	534.34	0	0	0
4.503	0.22504	0.76334	0	29.466	-26.068	534.38	0	0	0
4.513	0.22557	0.76311	0	28.884	-25.955	534.57	0	0	0
4.523	0.22593	0.76292	0	28.667	-25.905	533.23	0	0	0
4.533	0.22626	0.76263	0	28.562	-25.934	531.48	0	0	0
4.543	0.22654	0.76235	0	28.557	-25.828	528.59	0	0	0
4.5531	0.22685	0.76208	0	28.558	-25.675	525.68	0	0	0
4.5631	0.22697	0.76181	0	28.785	-25.965	522.15	0	0	0
4.5731	0.22705	0.76159	0	28.502	-25.753	520.62	0	0	0
4.5831	0.22707	0.76122	0	28.452	-25.413	520.54	0	0	0
4.5931	0.22715	0.76111	0	28.456	-24.884	520.69	0	0	0
4.6031	0.22704	0.76071	0	28.272	-24.432	520.74	0	0	0
4.6131	0.22679	0.76061	0	28.237	-24.274	521.78	0	0	0
4.6231	0.22688	0.76045	0	28.394	-23.941	522.89	0	0	0
4.6331	0.2267	0.76031	0	28.628	-23.806	523.99	0	0	0
4.6431	0.22663	0.76023	0	28.584	-23.926	525.28	0	0	0
4.6531	0.22656	0.76009	0	28.701	-24.386	524.82	0	0	0
4.6631	0.22642	0.76009	0	28.33	-24.719	523.06	0	0	0
4.6731	0.2263	0.75989	0	28.466	-25.072	523.3	0	0	0
4.6831	0.22624	0.75964	0	28.156	-25.375	522.32	0	0	0
4.6931	0.22617	0.75936	0	27.925	-25.743	522.1	0	0	0
4.7032	0.22604	0.75915	0	27.821	-25.775	523.08	0	0	0
4.7132	0.22571	0.75875	0	27.565	-25.702	524.9	0	0	0
4.7232	0.22561	0.75829	0	27.462	-26.107	527.22	0	0	0
4.7332	0.22532	0.75795	0	27.549	-26.384	528.47	0	0	0
4.7432	0.22504	0.75756	0	27.424	-26.773	527.44	0	0	0
4.7532	0.2247	0.75725	0	27.216	-27.487	524.98	0	0	0
4.7632	0.22445	0.75713	0	27.189	-28.283	522.26	0	0	0
4.7732	0.22386	0.75674	0	27.599	-28.216	522.4	0	0	0
4.7832	0.22327	0.75641	0	28.155	-28.402	523.05	0	0	0
4.7932	0.22283	0.75598	0	28.547	-28.313	525.04	0	0	0
4.8032	0.22223	0.75564	0	29.169	-28.064	527.76	0	0	0
4.8132	0.22189	0.75508	0	29.699	-27.539	530.14	0	0	0
4.8232	0.22147	0.7546	0	29.97	-27.445	531.76	0	0	0
4.8332	0.221	0.7541	0	30.181	-27.15	532.44	0	0	0
4.8432	0.22051	0.75353	0	29.999	-27.142	531.64	0	0	0
4.8533	0.22	0.75322	0	30.141	-26.89	529.24	0	0	0
4.8633	0.21937	0.75278	0	29.888	-26.772	526.89	0	0	0
4.8733	0.21878	0.75243	0	30.191	-26.853	525.13	0	0	0
4.8833	0.21796	0.75209	0	30.169	-26.299	523.77	0	0	0
4.8933	0.21727	0.75161	0	31.179	-25.611	523.39	0	0	0
4.9033	0.21644	0.75129	0	31.675	-25.276	523.45	0	0	0
4.9133	0.21588	0.7509	0	33.028	-24.841	523.82	0	0	0
4.9233	0.21497	0.75045	0	33.424	-24.577	524.56	0	0	0
4.9333	0.21425	0.75021	0	33.912	-24.406	524.87	0	0	0
4.9433	0.21375	0.75007	0	33.992	-24.466	524.7	0	0	0
4.9533	0.21297	0.74987	0	33.794	-24.229	523.14	0	0	0
4.9633	0.21228	0.74951	0	33.821	-23.913	521.58	0	0	0
4.9733	0.21158	0.74923	0	33.924	-23.515	521.87	0	0	0
4.9833	0.2107	0.7492	0	33.596	-23.28	522.51	0	0	0
4.9933	0.20986	0.749	0	33.873	-22.846	523.68	0	0	0
5.0034	0.20893	0.74841	0	33.833	-22.753	524.75	0	0	0
5.0134	0.20803	0.74803	0	33.561	-22.85	523.74	0	0	0
5.0234	0.20683	0.74757	0	33.673	-22.473	522.84	0	0	0
5.0334	0.20566	0.74686	0	33.906	-21.978	522.98	0	0	0
5.0434	0.20445	0.74618	0	34.229	-21.372	522.65	0	0	0
5.0534	0.20325	0.74535	0	34.638	-20.664	522.81	0	0	0
5.0634	0.20175	0.74458	0	35.167	-20.488	524.16	0	0	0
5.0734	0.2002	0.74361	0	35.647	-20.107	524.69	0	0	0
5.0834	0.19863	0.74283	0	36.452	-19.654	525.79	0	0	0
5.0934	0.1972	0.74205	0	37.477	-18.596	525.74	0	0	0
5.1034	0.19553	0.74114	0	38.241	-18.644	523.83	0	0	0
5.1134	0.19409	0.74047	0	39.139	-18.514	521.19	0	0	0
5.1234	0.19257	0.73974	0	39.706	-18.085	518.36	0	0	0
5.1334	0.19135	0.73896	0	40.959	-17.572	516.27	0	0	0
5.1434	0.18985	0.73808	0	41.555	-17.27	514.32	0	0	0
5.1535	0.18859	0.73739	0	42.283	-17.014	513.31	0	0	0
5.1635	0.18727	0.73656	0	42.804	-16.659	511.28	0	0	0
5.1735	0.18624	0.73601	0	43.475	-15.916	511.96	0	0	0
5.1835	0.18509	0.73535	0	43.956	-15.165	511.57	0	0	0
5.1935	0.18421	0.73469	0	43.803	-14.797	510.48	0	0	0
5.2035	0.18343	0.73427	0	43.802	-14.563	508.46	0	0	0
5.2135	0.18252	0.73386	0	43.305	-13.834	504.55	0	0	0
5.2235	0.18189	0.73351	0	43.371	-13.359	502.43	0	0	0
5.2335	0.18152	0.73321	0	43.221	-13.495	500.38	0	0	0
5.2435	0.18083	0.73298	0	43.302	-13.938	499.89	0	0	0
5.2535	0.1804	0.73292	0	43.014	-14.011	501.01	0	0	0
5.2635	0.17981	0.73264	0	42.951	-14.139	502.18	0	0	0
5.2735	0.17933	0.73224	0	42.451	-13.705	503.41	0	0	0
5.2835	0.17868	0.73186	0	42.767	-13.429	505.07	0	0	0
5.2936	0.17838	0.73175	0	42.603	-13.383	507.97	0	0	0
5.3036	0.17795	0.73167	0	42.776	-13.394	510.41	0	0	0
5.3136	0.17772	0.7317	0	42.415	-13.486	514.34	0	0	0
5.3236	0.17735	0.73165	0	42.38	-13.966	517.18	0	0	0
5.3336	0.17722	0.73191	0	42.76	-14.207	519.46	0	0	0
5.3436	0.17672	0.73222	0	42.9	-14.51	519.85	0	0	0
5.3536	0.17647	0.73243	0	43.81	-15.329	520.02	0	0	0
5.3636	0.17634	0.73271	0	44.128	-15.634	521.18	0	0	0
5.3736	0.17627	0.7331	0	44.475	-15.974	522.37	0	0	0
5.3836	0.17594	0.73324	0	44.873	-16.221	524.23	0	0	0
5.3936	0.17589	0.7335	0	46.043	-15.546	527.76	0	0	0
5.4036	0.17574	0.73402	0	47.064	-15.38	530.2	0	0	0
5.4136	0.17582	0.73455	0	47.551	-15.677	531.92	0	0	0
5.4236	0.17593	0.73525	0	47.537	-15.892	532.72	0	0	0
5.4336	0.17621	0.73583	0	47.325	-16.267	530.1	0	0	0
5.4437	0.17637	0.73644	0	47.567	-16.569	528.85	0	0	0
5.4537	0.17654	0.73722	0	47.885	-16.667	528.61	0	0	0
5.4637	0.17675	0.7379	0	47.675	-16.9	529.33	0	0	0
5.4737	0.17719	0.73847	0	47.003	-17.135	531.09	0	0	0
5.4837	0.17747	0.73904	0	45.797	-17.105	530.16	0	0	0
5.4937	0.17773	0.73963	0	44.692	-17.144	528.18	0	0	0
5.5037	0.17789	0.73997	0	43.395	-17.455	526.42	0	0	0
5.5137	0.17798	0.74041	0	42.606	-16.911	523.12	0	0	0
5.5237	0.17805	0.74086	0	42.199	-17.207	519.27	0	0	0
5.5337	0.17816	0.74118	0	41.953	-17.036	514.69	0	0	0
5.5437	0.17811	0.7416	0	41.705	-17.342	511.26	0	0	0
5.5537	0.17831	0.74206	0	41.593	-17.721	507.16	0	0	0
5.5637	0.17831	0.74243	0	41.227	-18.96	502.83	0	0	0
5.5737	0.17858	0.74307	0	41.073	-20.628	501.55	0	0	0
5.5837	0.17878	0.74335	0	40.031	-21.532	502.37	0	0	0
5.5938	0.17867	0.74349	0	39.176	-21.793	503.62	0	0	0
5.6038	0.17869	0.74366	0	38.465	-22.231	506.8	0	0	0
5.6138	0.17847	0.74363	0	37.877	-22.114	510.75	0	0	0
5.6238	0.17817	0.74339	0	38.809	-21.551	515.49	0	0	0
5.6338	0.17795	0.74353	0	40.658	-20.917	519.35	0	0	0
5.6438	0.17792	0.74351	0	42.432	-20.428	523.22	0	0	0
5.6538	0.17768	0.74373	0	44.251	-20.034	524.84	0	0	0
5.6638	0.17785	0.74397	0	45.862	-20.232	526.57	0	0	0
5.6738	0.17786	0.74425	0	47.106	-19.777	529.75	0	0	0
5.6838	0.17814	0.74455	0	47.1	-18.671	533.68	0	0	0
5.6938	0.17882	0.74488	0	46.693	-17.957	537.79	0	0	0
5.7038	0.17932	0.74535	0	45.776	-17.606	541.24	0	0	0
5.7138	0.18002	0.74572	0	45.288	-17.501	543.53	0	0	0
5.7238	0.18043	0.74637	0	44.835	-17.014	544.49	0	0	0
5.7338	0.1812	0.74687	0	44.754	-16.309	545.59	0	0	0
5.7439	0.18192	0.7474	0	44.945	-14.971	545.09	0	0	0
5.7539	0.18263	0.7479	0	45.495	-13.992	545.23	0	0	0
5.7639	0.18354	0.74884	0	45.683	-13.434	545.16	0	0	0
5.7739	0.18473	0.74969	0	46.016	-14.175	544.63	0	0	0
5.7839	0.18576	0.7509	0	45.938	-14.826	543.54	0	0	0
5.7939	0.18731	0.75215	0	45.672	-15.464	543.63	0	0	0
5.8039	0.1889	0.75344	0	45.754	-15.338	543.22	0	0	0
5.8139	0.19022	0.75474	0	45.627	-15.792	542.28	0	0	0
5.8239	0.19198	0.75611	0	44.927	-16.829	542.13	0	0	0
5.8339	0.19366	0.75739	0	44.695	-17.416	540.36	0	0	0
5.8439	0.19527	0.75892	0	44.175	-18.192	540.08	0	0	0
5.8539	0.19699	0.76007	0	43.531	-19.089	541.59	0	0	0
5.8639	0.19874	0.76141	0	42.63	-19.175	544.66	0	0	0
5.8739	0.2007	0.7627	0	40.811	-19.929	549.93	0	0	0
5.8839	0.20249	0.76412	0	38.303	-21.425	554.92	0	0	0
5.894	0.20432	0.76522	0	35.718	-22.307	559.1	0	0	0
5.904	0.20587	0.76638	0	33.651	-23.608	559.86	0	0	0
5.914	0.20705	0.76722	0	33.573	-23.884	558.25	0	0	0
5.924	0.2079	0.76813	0	33.866	-24.465	558.85	0	0	0
5.934	0.20876	0.76865	0	33.734	-24.571	560	0	0	0
5.944	0.20952	0.76916	0	33.228	-23.747	563.41	0	0	0
5.954	0.21014	0.76961	0	33.379	-23.363	566.36	0	0	0
5.964	0.21096	0.77004	0	33.231	-23.261	567.1	0	0	0
5.974	0.21128	0.77057	0	33.239	-23.286	565.92	0	0	0
5.984	0.2117	0.77114	0	33.678	-23.399	562.79	0	0	0
5.994	0.21209	0.77158	0	34.665	-24.449	558.39	0	0	0
6.004	0.21243	0.77223	0	35.357	-25.712	554.48	0	0	0
6.014	0.21282	0.77258	0	36.301	-26.669	551.85	0	0	0
6.024	0.21318	0.77296	0	36.741	-26.853	551.61	0	0	0
6.034	0.21339	0.7732	0	37.438	-26.431	551.69	0	0	0
6.0441	0.21375	0.77362	0	37.839	-25.474	551.2	0	0	0
6.0541	0.21441	0.77387	0	38.526	-25.033	551.92	0	0	0
6.0641	0.21464	0.77416	0	38.644	-24.686	551.57	0	0	0
6.0741	0.21509	0.77462	0	38.952	-25.033	550.65	0	0	0
6.0841	0.21543	0.77484	0	39.163	-25.313	548.57	0	0	0
6.0941	0.21592	0.77497	0	39.354	-26.029	547.45	0	0	0
6.1041	0.21652	0.77535	0	39.601	-26.903	545.83	0	0	0
6.1141	0.21686	0.77546	0	39.843	-27.483	542.73	0	0	0
6.1241	0.2173	0.77577	0	40.416	-27.988	539.06	0	0	0
6.1341	0.218	0.77555	0	40.483	-27.829	537.93	0	0	0
6.1441	0.21868	0.77547	0	40.283	-27.776	537.34	0	0	0
6.1541	0.21949	0.77536	0	39.408	-27.633	537.47	0	0	0
6.1641	0.22011	0.77514	0	38.469	-27.427	538.68	0	0	0
6.1741	0.22086	0.77494	0	37.681	-27.238	539.23	0	0	0
6.1841	0.22165	0.7749	0	36.483	-27.495	539.92	0	0	0
6.1942	0.2224	0.77454	0	35.898	-28.017	539.52	0	0	0
6.2042	0.22295	0.77437	0	34.961	-28.203	540	0	0	0
6.2142	0.22336	0.77395	0	35.348	-28.638	540.2	0	0	0
6.2242	0.22408	0.77378	0	34.998	-28.502	541.12	0	0	0
6.2342	0.22459	0.7733	0	34.845	-28.146	542.69	0	0	0
6.2442	0.22517	0.77296	0	34.366	-27.567	543.7	0	0	0
6.2542	0.22568	0.77252	0	33.803	-27.304	546.16	0	0	0
6.2642	0.22622	0.77244	0	33.069	-27.441	547.93	0	0	0
6.2742	0.22675	0.77219	0	33.639	-27.452	547.76	0	0	0
6.2842	0.22738	0.77197	0	33.951	-27.523	545.6	0	0	0
6.2942	0.22785	0.77188	0	34.101	-28.081	542.97	0	0	0
6.3042	0.22806	0.77176	0	34.226	-28.566	538.21	0	0	0
6.3142	0.22869	0.77174	0	34.36	-29.355	533.03	0	0	0
6.3242	0.22917	0.77173	0	34.173	-29.474	530.91	0	0	0
6.3342	0.22975	0.77147	0	34.073	-29.255	530.36	0	0	0
6.3443	0.23026	0.77111	0	33.984	-28.752	531.93	0	0	0
6.3543	0.2307	0.77075	0	33.459	-28.011	533.31	0	0	0
6.3643	0.23113	0.77071	0	33.29	-27.44	533.78	0	0	0
6.3743	0.23151	0.77042	0	32.61	-26.892	532.99	0	0	0
6.3843	0.23202	0.77029	0	32.119	-26.931	531.5	0	0	0
6.3943	0.23247	0.77019	0	31.627	-27.353	527.8	0	0	0
6.4043	0.2327	0.77022	0	31.239	-28.268	524.31	0	0	0
6.4143	0.233	0.76997	0	30.607	-28.562	519.35	0	0	0
6.4243	0.23347	0.76981	0	29.707	-28.751	515.24	0	0	0
6.4343	0.23392	0.76958	0	28.728	-29.167	511.29	0	0	0
6.4443	0.23416	0.7691	0	28.268	-29.231	507.36	0	0	0
6.4543	0.23459	0.76853	0	27.632	-27.781	506.57	0	0	0
6.4643	0.23468	0.76801	0	26.831	-26.173	509.06	0	0	0
6.4743	0.23531	0.76735	0	26.145	-24.448	512.17	0	0	0
6.4843	0.23557	0.76659	0	25	-22.392	513.86	0	0	0
6.4944	0.23595	0.76623	0	23.678	-21.008	514.13	0	0	0
6.5044	0.23633	0.76568	0	22.607	-19.793	513.1	0	0	0
6.5144	0.23654	0.76539	0	21.763	-19.692	508.99	0	0	0
6.5244	0.2368	0.76492	0	20.552	-19.986	506.64	0	0	0
6.5344	0.23701	0.76439	0	20.336	-18.729	506.87	0	0	0
6.5444	0.23681	0.764	0	20.586	-18.099	507.31	0	0	0
6.5544	0.2369	0.76386	0	20.939	-17.827	507.57	0	0	0
6.5644	0.23653	0.76363	0	21.243	-17.907	507.39	0	0	0
6.5744	0.23633	0.76353	0	21.216	-18.112	503.81	0	0	0
6.5844	0.2362	0.76352	0	21.161	-18.13	500.51	0	0	0
6.5944	0.23572	0.7634	0	22.163	-18.532	497.04	0	0	0
6.6044	0.23532	0.76347	0	23.396	-18.989	492.46	0	0	0
6.6144	0.23487	0.7632	0	24.896	-19.519	494.45	0	0	0
6.6244	0.23433	0.7628	0	26.809	-18.627	498.15	0	0	0
6.6344	0.23404	0.76218	0	28.018	-18.758	499.33	0	0	0
6.6445	0.23351	0.76158	0	28.702	-18.725	503.57	0	0	0
6.6545	0.23338	0.76096	0	29.746	-17.92	506.63	0	0	0
6.6645	0.23317	0.76071	0	29.775	-17.548	509.45	0	0	0
6.6745	0.23299	0.76021	0	29.732	-17.81	511.42	0	0	0
6.6845	0.23272	0.75951	0	29.691	-17.754	513.25	0	0	0
6.6945	0.23255	0.75887	0	29.506	-18.241	512.25	0	0	0
6.7045	0.2325	0.75843	0	29.191	-19.068	512.27	0	0	0
6.7145	0.2322	0.75776	0	29.724	-18.672	512.09	0	0	0
6.7245	0.23191	0.75725	0	30.403	-18.639	511.97	0	0	0
6.7345	0.23171	0.7567	0	30.501	-19.113	510.94	0	0	0
6.7445	0.23155	0.7563	0	31.087	-18.968	509.98	0	0	0
6.7545	0.23138	0.75573	0	30.82	-19.747	505.99	0	0	0
6.7645	0.23118	0.7553	0	31.185	-19.66	507.77	0	0	0
6.7745	0.23106	0.7546	0	31.835	-18.196	512.33	0	0	0
6.7846	0.23076	0.75407	0	32.018	-17.465	515.22	0	0	0
6.7946	0.23052	0.75364	0	31.286	-17.413	517.51	0	0	0
6.8046	0.23051	0.75318	0	30.429	-16.399	517.15	0	0	0
6.8146	0.2307	0.75263	0	28.777	-16.358	513.48	0	0	0
6.8246	0.23067	0.75252	0	26.79	-16.259	509.74	0	0	0
6.8346	0.23064	0.75189	0	25.23	-15.873	505.45	0	0	0
6.8446	0.23037	0.75165	0	23.722	-15.507	502.08	0	0	0
6.8546	0.23017	0.75141	0	22.681	-16.198	498.78	0	0	0
6.8646	0.22993	0.75108	0	21.513	-16.524	496.03	0	0	0
6.8746	0.22943	0.75085	0	21.584	-16.718	495.35	0	0	0
6.8846	0.22902	0.75059	0	21.24	-17.385	496.09	0	0	0
6.8946	0.2287	0.75018	0	21.007	-17.658	498.71	0	0	0
6.9046	0.22804	0.74994	0	20.843	-17.912	502.66	0	0	0
6.9146	0.22732	0.74919	0	20.731	-18.663	505.7	0	0	0
6.9246	0.22634	0.7481	0	20.4	-18.199	508.87	0	0	0
6.9347	0.22535	0.74643	0	20.959	-16.489	508.89	0	0	0
6.9447	0.22411	0.74436	0	22.232	-14.959	510.12	0	0	0
6.9547	0.22284	0.74228	0	23.67	-13.974	510.25	0	0	0
6.9647	0.22162	0.74016	0	24.865	-12.491	510	0	0	0
6.9747	0.22024	0.73808	0	25.794	-12.17	507.76	0	0	0
6.9847	0.21879	0.7362	0	28.062	-11.879	508.14	0	0	0
6.9947	0.21733	0.73426	0	29.74	-11.603	506.74	0	0	0
7.0047	0.21581	0.73343	0	31.051	-11.296	505.37	0	0	0
7.0147	0.21421	0.73245	0	32.813	-10.998	501.23	0	0	0
7.0247	0.21239	0.73181	0	34.048	-10.072	497.68	0	0	0
7.0347	0.2109	0.7309	0	35.279	-8.7863	493.17	0	0	0
7.0447	0.20895	0.73001	0	36.064	-8.3262	491.02	0	0	0
7.0547	0.20709	0.72872	0	37.399	-6.7998	491.52	0	0	0
7.0647	0.20478	0.72735	0	39.015	-4.8871	492.61	0	0	0
7.0747	0.203	0.72613	0	40.468	-3.6556	493.94	0	0	0
7.0848	0.2011	0.72546	0	41.659	-2.4488	496.58	0	0	0
7.0948	0.19869	0.72471	0	42.969	-1.8275	499.32	0	0	0
7.1048	0.19668	0.72463	0	43.823	-1.5867	502.23	0	0	0
7.1148	0.19474	0.72462	0	44.944	-1.3947	504.62	0	0	0
7.1248	0.1925	0.72507	0	45.703	-1.489	507.02	0	0	0
7.1348	0.19085	0.72578	0	46.01	-1.923	507.45	0	0	0
7.1448	0.18919	0.72659	0	45.079	-3.1897	509.65	0	0	0
7.1548	0.18752	0.72697	0	44.679	-4.3911	510.57	0	0	0
7.1648	0.18627	0.72736	0	45.093	-3.8264	507.89	0	0	0
7.1748	0.18534	0.72762	0	45.607	-4.56	508.69	0	0	0
7.1848	0.18435	0.72781	0	46.133	-4.539	511.56	0	0	0
7.1948	0.18322	0.72801	0	46.525	-5.0256	514.84	0	0	0
7.2048	0.18245	0.72838	0	46.476	-6.0469	518.73	0	0	0
7.2148	0.18159	0.72868	0	46.446	-6.9796	521.64	0	0	0
7.2248	0.18072	0.72903	0	46.575	-7.3153	521.48	0	0	0
7.2349	0.18032	0.72943	0	46.879	-7.7277	519.79	0	0	0
7.2449	0.17954	0.72989	0	47.533	-8.4057	519.05	0	0	0
7.2549	0.17903	0.72993	0	47.506	-8.4308	519.33	0	0	0
7.2649	0.17861	0.73029	0	47.154	-9.5954	524.49	0	0	0
7.2749	0.17827	0.73052	0	46.707	-10.792	527.52	0	0	0
7.2849	0.17774	0.73078	0	47.21	-11.643	531.52	0	0	0
7.2949	0.17756	0.73095	0	46.947	-12.12	535.2	0	0	0
7.3049	0.17707	0.73135	0	46.85	-13.591	538.36	0	0	0
7.3149	0.17671	0.73154	0	46.29	-14.892	542.07	0	0	0
7.3249	0.17651	0.73194	0	45.079	-15.695	545.66	0	0	0
7.3349	0.17609	0.73191	0	43.942	-16.468	546.91	0	0	0
7.3449	0.17538	0.73252	0	44.457	-16.915	547.35	0	0	0
7.3549	0.17507	0.73289	0	45.912	-16.708	544.17	0	0	0
7.3649	0.17463	0.73331	0	46.47	-17.06	542.52	0	0	0
7.3749	0.17438	0.73369	0	46.842	-17.044	539.78	0	0	0
7.385	0.17421	0.73423	0	47.178	-16.464	536.96	0	0	0
7.395	0.17395	0.73435	0	46.727	-16.697	536.52	0	0	0
7.405	0.17353	0.7346	0	46.847	-15.807	534.39	0	0	0
7.415	0.17321	0.73492	0	47.668	-14.64	530.11	0	0	0
7.425	0.17298	0.73561	0	47.31	-15.008	527.28	0	0	0
7.435	0.17279	0.73561	0	46.675	-15.314	524.98	0	0	0
7.445	0.17272	0.736	0	45.455	-14.65	524.74	0	0	0
7.455	0.17286	0.73612	0	44.692	-14.209	525.01	0	0	0
