0	0.21398	0.68295	-0.0068603	0	0	329.44	0	0	0
0.0050251	0.21393	0.68303	-0.0068924	21.973	-24.031	336.32	0	0	0
0.01005	0.21387	0.68315	-0.0069197	22.759	-22.519	338.25	0	0	0
0.015075	0.21384	0.68328	-0.0069401	22.876	-21.104	339.85	0	0	0
0.020101	0.21381	0.68342	-0.0069578	23.145	-20.287	341.47	0	0	0
0.025126	0.21378	0.68355	-0.0069742	23.385	-19.61	342.82	0	0	0
0.030151	0.21376	0.68367	-0.0069865	23.584	-18.616	343.3	0	0	0
0.035176	0.21374	0.68379	-0.0069984	23.93	-17.904	344.95	0	0	0
0.040201	0.21372	0.6839	-0.0070085	24.004	-17.65	345.27	0	0	0
0.045226	0.2137	0.684	-0.0070193	24.279	-17.186	346.84	0	0	0
0.050251	0.21369	0.68409	-0.0070293	24.437	-16.739	347.35	0	0	0
0.055276	0.21368	0.68419	-0.007039	24.63	-16.272	348.6	0	0	0
0.060302	0.21367	0.68427	-0.0070481	24.558	-16.267	349.32	0	0	0
0.065327	0.21367	0.68435	-0.007058	24.626	-15.944	350.52	0	0	0
0.070352	0.21366	0.68441	-0.0070681	24.949	-15.465	351.32	0	0	0
0.075377	0.21366	0.68448	-0.0070743	25.074	-14.937	351.31	0	0	0
0.080402	0.21366	0.68454	-0.0070768	24.972	-14.736	351.33	0	0	0
0.085427	0.21367	0.6846	-0.0070817	25.103	-14.727	352.4	0	0	0
0.090452	0.21366	0.68465	-0.0070877	25.379	-14.315	352.7	0	0	0
0.095477	0.21367	0.68471	-0.0070916	25.208	-14.142	353.06	0	0	0
0.1005	0.21368	0.68476	-0.0070955	25.142	-14.114	353.66	0	0	0
0.10553	0.21369	0.6848	-0.0071026	25.484	-13.825	354.61	0	0	0
0.11055	0.21369	0.68484	-0.0071091	25.77	-13.587	354.86	0	0	0
0.11558	0.21369	0.68489	-0.0071149	25.559	-13.479	355.72	0	0	0
0.1206	0.2137	0.68492	-0.007121	25.876	-13.369	356.24	0	0	0
0.12563	0.2137	0.68496	-0.0071306	26.294	-13.508	357.62	0	0	0
0.13065	0.2137	0.68499	-0.0071362	26.197	-13.316	357.34	0	0	0
0.13568	0.2137	0.68503	-0.0071425	26.384	-13.387	358.29	0	0	0
0.1407	0.21369	0.68507	-0.0071468	26.519	-13.543	358.18	0	0	0
0.14573	0.21368	0.6851	-0.0071511	26.775	-13.538	358.72	0	0	0
0.15075	0.21368	0.68513	-0.0071538	26.752	-13.475	358.84	0	0	0
0.15578	0.21368	0.68516	-0.0071564	26.534	-13.483	359.38	0	0	0
0.1608	0.21368	0.68519	-0.0071609	26.578	-13.541	359.96	0	0	0
0.16583	0.21368	0.68521	-0.0071662	26.87	-13.492	360.36	0	0	0
0.17085	0.21368	0.68523	-0.0071687	27.089	-13.521	360.07	0	0	0
0.17588	0.21368	0.68526	-0.0071697	26.675	-13.464	360.21	0	0	0
0.1809	0.21368	0.68528	-0.0071693	26.916	-13.486	360.01	0	0	0
0.18593	0.21367	0.6853	-0.007171	27.197	-13.271	360.39	0	0	0
0.19095	0.21367	0.68532	-0.0071713	27.092	-13.16	360.23	0	0	0
0.19598	0.21367	0.68535	-0.007171	26.755	-13.209	360.3	0	0	0
0.20101	0.21367	0.68536	-0.007172	26.752	-13.209	360.54	0	0	0
0.20603	0.21366	0.68538	-0.0071761	27.56	-13.164	360.88	0	0	0
0.21106	0.21365	0.6854	-0.0071756	27.08	-12.969	360.56	0	0	0
0.21608	0.21365	0.68541	-0.0071769	26.951	-12.934	361.19	0	0	0
0.22111	0.21366	0.68543	-0.007178	26.906	-13.026	361.09	0	0	0
0.22613	0.21366	0.68545	-0.0071798	27.045	-13.042	361.29	0	0	0
0.23116	0.21366	0.68546	-0.0071785	27.073	-12.825	360.73	0	0	0
0.23618	0.21368	0.68549	-0.0071758	26.417	-12.898	360.63	0	0	0
0.24121	0.21369	0.6855	-0.0071749	26.611	-13.063	360.82	0	0	0
0.24623	0.2137	0.68551	-0.0071762	26.524	-12.942	360.89	0	0	0
0.25126	0.2137	0.68553	-0.0071744	27.105	-12.904	360.15	0	0	0
0.25628	0.21371	0.68555	-0.0071705	26.232	-12.98	359.86	0	0	0
0.26131	0.21373	0.68557	-0.0071665	26.148	-13.091	359.52	0	0	0
0.26633	0.21373	0.68559	-0.007165	26.713	-13.21	359.32	0	0	0
0.27136	0.21373	0.68561	-0.0071623	26.631	-13.14	359.02	0	0	0
0.27638	0.21374	0.68563	-0.0071594	26.31	-13.136	358.57	0	0	0
0.28141	0.21374	0.68566	-0.0071532	26.165	-13.302	357.5	0	0	0
0.28643	0.21374	0.68568	-0.007147	26.558	-13.462	356.89	0	0	0
0.29146	0.21374	0.6857	-0.0071403	26.148	-13.444	356.26	0	0	0
0.29648	0.21374	0.68573	-0.0071333	26.047	-13.515	355.41	0	0	0
0.30151	0.21375	0.68576	-0.0071248	25.751	-13.648	354.51	0	0	0
0.30653	0.21376	0.68578	-0.0071168	25.638	-13.775	353.8	0	0	0
0.31156	0.21376	0.68581	-0.0071097	26.144	-13.703	353.07	0	0	0
0.31658	0.21377	0.68584	-0.0071008	24.701	-13.857	352.11	0	0	0
0.32161	0.21377	0.68586	-0.0070929	25.412	-13.997	351.32	0	0	0
0.32663	0.21376	0.68588	-0.0070854	25.276	-13.917	350.47	0	0	0
0.33166	0.21376	0.68591	-0.0070768	25.569	-14.041	349.58	0	0	0
0.33668	0.21377	0.68594	-0.0070679	24.783	-14.041	348.76	0	0	0
0.34171	0.21377	0.68597	-0.0070578	24.884	-14.242	347.67	0	0	0
0.34673	0.21377	0.68599	-0.0070503	25.265	-14.475	346.84	0	0	0
0.35176	0.21377	0.68602	-0.0070377	24.472	-14.569	345.23	0	0	0
0.35678	0.21377	0.68606	-0.0070258	24.37	-14.777	344.1	0	0	0
0.36181	0.21375	0.68609	-0.0070157	25.011	-14.944	343.15	0	0	0
0.36683	0.21373	0.68611	-0.007006	24.863	-14.974	342.12	0	0	0
0.37186	0.21372	0.68615	-0.0069934	24.356	-14.949	340.77	0	0	0
0.37688	0.21372	0.68618	-0.006981	24.004	-14.99	339.72	0	0	0
0.38191	0.21371	0.6862	-0.0069706	24.242	-15.14	338.71	0	0	0
0.38693	0.2137	0.68622	-0.0069589	23.778	-15.116	337.39	0	0	0
0.39196	0.21369	0.68625	-0.0069457	23.756	-15.094	336.14	0	0	0
0.39698	0.21369	0.68628	-0.006934	23.371	-15.31	335.29	0	0	0
0.40201	0.21369	0.6863	-0.0069245	22.969	-15.372	334.62	0	0	0
0.40704	0.21368	0.68632	-0.0069163	23.241	-15.199	333.66	0	0	0
0.41206	0.21367	0.68634	-0.0069062	22.993	-15.098	332.81	0	0	0
0.41709	0.21367	0.68636	-0.0068991	22.509	-15.016	332.6	0	0	0
0.42211	0.21366	0.68637	-0.0068946	22.366	-14.93	332.33	0	0	0
0.42714	0.21365	0.68638	-0.0068914	22.72	-14.735	331.95	0	0	0
0.43216	0.21364	0.6864	-0.0068868	22.506	-14.477	331.58	0	0	0
0.43719	0.21364	0.68641	-0.006883	22.319	-14.371	331.27	0	0	0
0.44221	0.21363	0.68642	-0.0068797	22.099	-14.392	331.03	0	0	0
0.44724	0.21362	0.68643	-0.0068788	22.967	-14.218	330.88	0	0	0
0.45226	0.21361	0.68643	-0.0068748	22.113	-13.934	330.45	0	0	0
0.45729	0.2136	0.68645	-0.0068716	22.804	-13.825	329.79	0	0	0
0.46231	0.21358	0.68646	-0.0068648	22.267	-13.784	328.92	0	0	0
0.46734	0.21356	0.68647	-0.006859	23.098	-13.522	328.24	0	0	0
0.47236	0.21354	0.68649	-0.0068503	22.847	-13.335	327.21	0	0	0
0.47739	0.21352	0.6865	-0.0068411	22.369	-13.348	326.55	0	0	0
0.48241	0.2135	0.68652	-0.0068358	22.658	-13.28	326.48	0	0	0
0.48744	0.21347	0.68653	-0.0068338	22.968	-13.079	326.29	0	0	0
0.49246	0.21344	0.68654	-0.0068302	23.174	-12.878	326.02	0	0	0
0.49749	0.21342	0.68656	-0.0068274	22.448	-12.784	325.78	0	0	0
0.50251	0.21339	0.68656	-0.0068264	23.109	-12.765	326.05	0	0	0
0.50754	0.21336	0.68657	-0.0068296	23.204	-12.617	326.62	0	0	0
0.51256	0.21333	0.68658	-0.0068327	23.672	-12.425	326.92	0	0	0
0.51759	0.2133	0.68658	-0.0068353	23.262	-12.41	327.24	0	0	0
0.52261	0.21327	0.68658	-0.0068396	23.745	-12.361	327.8	0	0	0
0.52764	0.21324	0.68659	-0.0068437	23.74	-12.129	327.75	0	0	0
0.53266	0.21321	0.68659	-0.0068428	24.245	-11.84	327.25	0	0	0
0.53769	0.21319	0.68661	-0.0068393	23.67	-11.761	326.58	0	0	0
0.54271	0.21315	0.68662	-0.0068347	23.907	-11.866	326.13	0	0	0
0.54774	0.21311	0.68663	-0.0068318	24.442	-11.592	325.94	0	0	0
0.55276	0.21308	0.68665	-0.0068263	24.084	-11.458	324.96	0	0	0
0.55779	0.21305	0.68668	-0.006818	24.011	-11.568	324.29	0	0	0
0.56281	0.21302	0.6867	-0.0068139	23.948	-11.559	324.29	0	0	0
0.56784	0.21297	0.68671	-0.0068131	25.068	-11.496	324.34	0	0	0
0.57286	0.21293	0.68673	-0.0068111	24.423	-11.503	324.25	0	0	0
0.57789	0.2129	0.68676	-0.0068088	24.41	-11.494	323.78	0	0	0
0.58291	0.21287	0.68678	-0.0068055	24.516	-11.57	323.7	0	0	0
0.58794	0.21283	0.6868	-0.0068044	24.692	-11.762	323.48	0	0	0
0.59296	0.2128	0.68683	-0.0068017	24.633	-11.858	323.27	0	0	0
0.59799	0.21276	0.68686	-0.0067985	25.08	-11.965	322.47	0	0	0
0.60302	0.21274	0.68689	-0.0067902	24.182	-12.183	321.48	0	0	0
0.60804	0.21271	0.68692	-0.0067815	24.573	-12.269	320.37	0	0	0
0.61307	0.21268	0.68696	-0.0067695	24.362	-12.435	319.16	0	0	0
0.61809	0.21266	0.687	-0.0067571	24.179	-12.607	317.79	0	0	0
0.62312	0.21263	0.68704	-0.0067433	23.668	-12.826	316.46	0	0	0
0.62814	0.2126	0.68708	-0.0067306	24.803	-12.936	314.98	0	0	0
0.63317	0.21257	0.68712	-0.0067131	24.093	-12.946	312.93	0	0	0
0.63819	0.21255	0.68717	-0.0066927	23.642	-12.942	311.02	0	0	0
0.64322	0.21253	0.68722	-0.0066745	24.14	-13.202	309.69	0	0	0
0.64824	0.21251	0.68726	-0.006657	23.782	-13.317	307.78	0	0	0
0.65327	0.21251	0.68731	-0.0066352	23.361	-13.416	305.85	0	0	0
0.65829	0.21251	0.68736	-0.006614	22.681	-13.606	303.84	0	0	0
0.66332	0.21251	0.6874	-0.006592	22.102	-13.923	301.72	0	0	0
0.66834	0.21251	0.68744	-0.0065702	22.563	-14.078	299.7	0	0	0
0.67337	0.21251	0.68749	-0.006548	21.896	-14.124	298.03	0	0	0
0.67839	0.21253	0.68754	-0.0065266	21.43	-14.343	296.14	0	0	0
0.68342	0.21256	0.68758	-0.0065056	20.449	-14.487	294.72	0	0	0
0.68844	0.21259	0.68762	-0.0064878	20.241	-14.47	293.1	0	0	0
0.69347	0.21263	0.68767	-0.0064683	20.347	-14.676	291.3	0	0	0
0.69849	0.21267	0.68771	-0.0064488	19.18	-14.801	289.73	0	0	0
0.70352	0.21271	0.68776	-0.0064292	19.426	-14.976	287.59	0	0	0
0.70854	0.21275	0.6878	-0.0064053	18.694	-14.901	285.03	0	0	0
0.71357	0.2128	0.68786	-0.0063786	18.891	-14.926	282.65	0	0	0
0.71859	0.21286	0.68791	-0.0063518	17.869	-15.122	280.48	0	0	0
0.72362	0.21291	0.68796	-0.0063271	17.649	-15.246	278.31	0	0	0
0.72864	0.21296	0.68801	-0.0063014	17.509	-15.257	275.75	0	0	0
0.73367	0.21302	0.68807	-0.0062737	17.288	-15.431	273.48	0	0	0
0.73869	0.21308	0.68812	-0.0062474	16.341	-15.599	271.42	0	0	0
0.74372	0.21314	0.68817	-0.0062235	16.126	-15.719	269.5	0	0	0
0.74874	0.2132	0.68822	-0.0061986	16.173	-15.74	266.91	0	0	0
0.75377	0.21327	0.68827	-0.0061715	15.161	-15.647	265.11	0	0	0
0.75879	0.21335	0.68832	-0.0061492	15.121	-15.634	263.59	0	0	0
0.76382	0.21343	0.68836	-0.0061285	14.281	-15.657	261.69	0	0	0
0.76884	0.2135	0.68839	-0.006108	15.035	-15.505	260.17	0	0	0
0.77387	0.21359	0.68842	-0.0060887	14.049	-15.334	258.79	0	0	0
0.77889	0.21369	0.68846	-0.0060702	13.827	-15.345	257.3	0	0	0
0.78392	0.21379	0.68849	-0.0060499	13.396	-15.29	255.1	0	0	0
0.78894	0.2139	0.68853	-0.0060278	13.24	-15.065	253.49	0	0	0
0.79397	0.214	0.68856	-0.0060071	13.188	-14.924	251.81	0	0	0
0.79899	0.21412	0.6886	-0.0059852	12.236	-14.771	249.73	0	0	0
0.80402	0.21423	0.68864	-0.0059637	12.467	-14.839	248.29	0	0	0
0.80905	0.21434	0.68868	-0.0059426	11.94	-14.796	246.02	0	0	0
0.81407	0.21446	0.68872	-0.005918	11.808	-14.746	244.23	0	0	0
0.8191	0.21459	0.68876	-0.0058949	10.895	-14.657	242.45	0	0	0
0.82412	0.21472	0.6888	-0.0058735	10.37	-14.68	240.88	0	0	0
0.82915	0.21486	0.68883	-0.0058531	10.505	-14.586	239.15	0	0	0
0.83417	0.21501	0.68888	-0.0058305	9.7172	-14.55	237.23	0	0	0
0.8392	0.21516	0.68892	-0.0058085	9.0137	-14.648	235.77	0	0	0
0.84422	0.21531	0.68896	-0.0057919	8.7545	-14.65	234.98	0	0	0
0.84925	0.21547	0.68899	-0.0057791	9.0054	-14.562	233.94	0	0	0
0.85427	0.21563	0.68902	-0.0057668	8.2889	-14.559	233.22	0	0	0
0.8593	0.21579	0.68905	-0.0057554	8.4697	-14.691	232.22	0	0	0
0.86432	0.21596	0.68907	-0.0057432	7.5453	-14.7	231.21	0	0	0
0.86935	0.21613	0.6891	-0.0057303	7.5913	-14.556	229.95	0	0	0
0.87437	0.2163	0.68913	-0.0057183	8.069	-14.553	229.5	0	0	0
0.8794	0.21648	0.68915	-0.0057081	6.8093	-14.446	228.47	0	0	0
0.88442	0.21665	0.68917	-0.0056993	7.3033	-14.48	228.08	0	0	0
0.88945	0.21682	0.6892	-0.0056913	7.6656	-14.514	227.13	0	0	0
0.89447	0.21699	0.68922	-0.0056817	7.2683	-14.621	226.55	0	0	0
0.8995	0.21717	0.68924	-0.0056746	6.9995	-14.566	226.13	0	0	0
0.90452	0.21733	0.68926	-0.0056683	7.3973	-14.686	225.52	0	0	0
0.90955	0.21751	0.68928	-0.0056607	7.3621	-14.736	224.89	0	0	0
0.91457	0.2177	0.6893	-0.0056523	6.8053	-14.573	224.18	0	0	0
0.9196	0.21789	0.68931	-0.0056461	6.208	-14.649	224.09	0	0	0
0.92462	0.21806	0.68933	-0.005644	7.138	-14.665	223.98	0	0	0
0.92965	0.21825	0.68934	-0.0056413	6.9303	-14.753	223.64	0	0	0
0.93467	0.21844	0.68935	-0.0056393	6.6618	-14.705	223.82	0	0	0
0.9397	0.21862	0.68936	-0.0056398	6.3114	-14.786	223.88	0	0	0
0.94472	0.21881	0.68937	-0.0056418	6.565	-15.037	224.22	0	0	0
0.94975	0.21899	0.68936	-0.0056453	6.5167	-14.91	224.44	0	0	0
0.95477	0.21917	0.68936	-0.0056483	6.6299	-14.925	224.66	0	0	0
0.9598	0.21936	0.68936	-0.0056526	6.1439	-15.001	225.3	0	0	0
0.96482	0.21954	0.68935	-0.0056605	6.5377	-14.965	226.04	0	0	0
0.96985	0.21971	0.68934	-0.0056709	6.7773	-14.845	227.11	0	0	0
0.97487	0.21988	0.68933	-0.0056851	7.0674	-14.8	228.63	0	0	0
0.9799	0.22004	0.68931	-0.0057003	7.0055	-14.703	229.64	0	0	0
0.98492	0.2202	0.68929	-0.0057122	7.5779	-14.567	230.14	0	0	0
0.98995	0.22036	0.68926	-0.0057246	7.3844	-14.698	231.52	0	0	0
0.99497	0.22051	0.68925	-0.0057367	7.4925	-14.423	232.02	0	0	0
1	0.22065	0.68923	-0.005748	7.7834	-14.527	233.2	0	0	0
