0	0.17602	0.76954	0.033236	1	0	0	0	1	0	0	0	1
0.0050251	0.17595	0.76954	0.033232	1	0	0	0	1	0	0	0	1
0.01005	0.17599	0.76954	0.03324	1	0	0	0	1	0	0	0	1
0.015075	0.17598	0.76954	0.033253	1	0	0	0	1	0	0	0	1
0.020101	0.17595	0.7695	0.033287	1	0	0	0	1	0	0	0	1
0.025126	0.17593	0.76954	0.033239	1	0	0	0	1	0	0	0	1
0.030151	0.1759	0.76949	0.033245	1	0	0	0	1	0	0	0	1
0.035176	0.17589	0.7695	0.03325	1	0	0	0	1	0	0	0	1
0.040201	0.17592	0.7695	0.033221	1	0	0	0	1	0	0	0	1
0.045226	0.1759	0.76951	0.033239	1	0	0	0	1	0	0	0	1
0.050251	0.17588	0.76951	0.033235	1	0	0	0	1	0	0	0	1
0.055276	0.1759	0.7695	0.033228	1	0	0	0	1	0	0	0	1
0.060302	0.17588	0.7695	0.033212	1	0	0	0	1	0	0	0	1
0.065327	0.17585	0.7695	0.033229	1	0	0	0	1	0	0	0	1
0.070352	0.17586	0.76949	0.033212	1	0	0	0	1	0	0	0	1
0.075377	0.17587	0.76951	0.033189	1	0	0	0	1	0	0	0	1
0.080402	0.17584	0.7695	0.033208	1	0	0	0	1	0	0	0	1
0.085427	0.17583	0.76947	0.033169	1	0	0	0	1	0	0	0	1
0.090452	0.17581	0.7695	0.033221	1	0	0	0	1	0	0	0	1
0.095477	0.1758	0.76945	0.03324	1	0	0	0	1	0	0	0	1
0.1005	0.1758	0.76945	0.033239	1	0	0	0	1	0	0	0	1
0.10553	0.1758	0.76945	0.033236	1	0	0	0	1	0	0	0	1
0.11055	0.17579	0.76945	0.033213	1	0	0	0	1	0	0	0	1
0.11558	0.1758	0.76942	0.033174	1	0	0	0	1	0	0	0	1
0.1206	0.17582	0.7694	0.0332	1	0	0	0	1	0	0	0	1
0.12563	0.17581	0.76941	0.033211	1	0	0	0	1	0	0	0	1
0.13065	0.17579	0.76945	0.033228	1	0	0	0	1	0	0	0	1
0.13568	0.17578	0.76945	0.033173	1	0	0	0	1	0	0	0	1
0.1407	0.17578	0.76942	0.033163	1	0	0	0	1	0	0	0	1
0.14573	0.17578	0.76942	0.033163	1	0	0	0	1	0	0	0	1
0.15075	0.1758	0.76943	0.033163	1	0	0	0	1	0	0	0	1
0.15578	0.17578	0.76946	0.033191	1	0	0	0	1	0	0	0	1
0.1608	0.17579	0.76945	0.033198	1	0	0	0	1	0	0	0	1
0.16583	0.1758	0.76944	0.033224	1	0	0	0	1	0	0	0	1
0.17085	0.17582	0.76943	0.033175	1	0	0	0	1	0	0	0	1
0.17588	0.17578	0.76945	0.033209	1	0	0	0	1	0	0	0	1
0.1809	0.1758	0.76945	0.03322	1	0	0	0	1	0	0	0	1
0.18593	0.1758	0.76947	0.033224	1	0	0	0	1	0	0	0	1
0.19095	0.17581	0.76944	0.033225	1	0	0	0	1	0	0	0	1
0.19598	0.17581	0.76945	0.03318	1	0	0	0	1	0	0	0	1
0.20101	0.17582	0.76943	0.033166	1	0	0	0	1	0	0	0	1
0.20603	0.1758	0.76946	0.033207	1	0	0	0	1	0	0	0	1
0.21106	0.17583	0.76948	0.033184	1	0	0	0	1	0	0	0	1
0.21608	0.17582	0.76947	0.03318	1	0	0	0	1	0	0	0	1
0.22111	0.1758	0.76947	0.033228	1	0	0	0	1	0	0	0	1
0.22613	0.17586	0.76947	0.033191	1	0	0	0	1	0	0	0	1
0.23116	0.17588	0.76944	0.03317	1	0	0	0	1	0	0	0	1
0.23618	0.17587	0.76944	0.033166	1	0	0	0	1	0	0	0	1
0.24121	0.17587	0.76947	0.033193	1	0	0	0	1	0	0	0	1
0.24623	0.17585	0.7695	0.033176	1	0	0	0	1	0	0	0	1
0.25126	0.17589	0.76948	0.03318	1	0	0	0	1	0	0	0	1
0.25628	0.17591	0.76945	0.033198	1	0	0	0	1	0	0	0	1
0.26131	0.17591	0.76949	0.033252	1	0	0	0	1	0	0	0	1
0.26633	0.17591	0.76948	0.03321	1	0	0	0	1	0	0	0	1
0.27136	0.1759	0.7695	0.033232	1	0	0	0	1	0	0	0	1
0.27638	0.17592	0.76948	0.033247	1	0	0	0	1	0	0	0	1
0.28141	0.17594	0.76949	0.033239	1	0	0	0	1	0	0	0	1
0.28643	0.17598	0.7695	0.033218	1	0	0	0	1	0	0	0	1
0.29146	0.17596	0.76954	0.033225	1	0	0	0	1	0	0	0	1
0.29648	0.17598	0.7695	0.033224	1	0	0	0	1	0	0	0	1
0.30151	0.176	0.76952	0.03324	1	0	0	0	1	0	0	0	1
0.30653	0.176	0.76953	0.033254	1	0	0	0	1	0	0	0	1
0.31156	0.17604	0.76953	0.033246	1	0	0	0	1	0	0	0	1
0.31658	0.17605	0.76952	0.033273	1	0	0	0	1	0	0	0	1
0.32161	0.17603	0.76955	0.03329	1	0	0	0	1	0	0	0	1
0.32663	0.17603	0.76955	0.033304	1	0	0	0	1	0	0	0	1
0.33166	0.17607	0.76954	0.033274	1	0	0	0	1	0	0	0	1
0.33668	0.17609	0.76954	0.033272	1	0	0	0	1	0	0	0	1
0.34171	0.1761	0.76954	0.03329	1	0	0	0	1	0	0	0	1
0.34673	0.1761	0.76954	0.033314	1	0	0	0	1	0	0	0	1
0.35176	0.1761	0.76957	0.033343	1	0	0	0	1	0	0	0	1
0.35678	0.17611	0.76962	0.03333	1	0	0	0	1	0	0	0	1
0.36181	0.1761	0.76962	0.033359	1	0	0	0	1	0	0	0	1
0.36683	0.17611	0.76959	0.033333	1	0	0	0	1	0	0	0	1
0.37186	0.17612	0.76958	0.033337	1	0	0	0	1	0	0	0	1
0.37688	0.17611	0.7696	0.03335	1	0	0	0	1	0	0	0	1
0.38191	0.17611	0.76962	0.033362	1	0	0	0	1	0	0	0	1
0.38693	0.17612	0.76965	0.033396	1	0	0	0	1	0	0	0	1
0.39196	0.17613	0.76963	0.033412	1	0	0	0	1	0	0	0	1
0.39698	0.17613	0.76964	0.033387	1	0	0	0	1	0	0	0	1
0.40201	0.17614	0.76965	0.033367	1	0	0	0	1	0	0	0	1
0.40704	0.17615	0.76965	0.033356	1	0	0	0	1	0	0	0	1
0.41206	0.17616	0.76963	0.03334	1	0	0	0	1	0	0	0	1
0.41709	0.17615	0.76964	0.033349	1	0	0	0	1	0	0	0	1
0.42211	0.17615	0.76965	0.033365	1	0	0	0	1	0	0	0	1
0.42714	0.17616	0.76963	0.033363	1	0	0	0	1	0	0	0	1
0.43216	0.17616	0.76963	0.033372	1	0	0	0	1	0	0	0	1
0.43719	0.17615	0.76965	0.033381	1	0	0	0	1	0	0	0	1
0.44221	0.17615	0.76964	0.033367	1	0	0	0	1	0	0	0	1
0.44724	0.17616	0.7696	0.03335	1	0	0	0	1	0	0	0	1
0.45226	0.17613	0.76962	0.033341	1	0	0	0	1	0	0	0	1
0.45729	0.17612	0.76962	0.033356	1	0	0	0	1	0	0	0	1
0.46231	0.17613	0.7696	0.033347	1	0	0	0	1	0	0	0	1
0.46734	0.17613	0.7696	0.03332	1	0	0	0	1	0	0	0	1
0.47236	0.17612	0.7696	0.033308	1	0	0	0	1	0	0	0	1
0.47739	0.1761	0.76961	0.033301	1	0	0	0	1	0	0	0	1
0.48241	0.1761	0.76961	0.033302	1	0	0	0	1	0	0	0	1
0.48744	0.17611	0.76961	0.033289	1	0	0	0	1	0	0	0	1
0.49246	0.17609	0.76961	0.033297	1	0	0	0	1	0	0	0	1
0.49749	0.17605	0.7696	0.033308	1	0	0	0	1	0	0	0	1
0.50251	0.17603	0.76958	0.033305	1	0	0	0	1	0	0	0	1
0.50754	0.17603	0.76955	0.033299	1	0	0	0	1	0	0	0	1
0.51256	0.17602	0.76955	0.033283	1	0	0	0	1	0	0	0	1
0.51759	0.17602	0.76958	0.03325	1	0	0	0	1	0	0	0	1
0.52261	0.17604	0.76957	0.03322	1	0	0	0	1	0	0	0	1
0.52764	0.17604	0.76954	0.033184	1	0	0	0	1	0	0	0	1
0.53266	0.17604	0.76954	0.033168	1	0	0	0	1	0	0	0	1
0.53769	0.17602	0.76955	0.033189	1	0	0	0	1	0	0	0	1
0.54271	0.17601	0.76953	0.033169	1	0	0	0	1	0	0	0	1
0.54774	0.17601	0.76954	0.033156	1	0	0	0	1	0	0	0	1
0.55276	0.17601	0.76956	0.033166	1	0	0	0	1	0	0	0	1
0.55779	0.176	0.76956	0.033156	1	0	0	0	1	0	0	0	1
0.56281	0.17602	0.76955	0.033139	1	0	0	0	1	0	0	0	1
0.56784	0.17601	0.76956	0.033167	1	0	0	0	1	0	0	0	1
0.57286	0.176	0.76955	0.033178	1	0	0	0	1	0	0	0	1
0.57789	0.176	0.76956	0.033183	1	0	0	0	1	0	0	0	1
0.58291	0.17599	0.76958	0.033198	1	0	0	0	1	0	0	0	1
0.58794	0.176	0.76955	0.033179	1	0	0	0	1	0	0	0	1
0.59296	0.17601	0.76957	0.03317	1	0	0	0	1	0	0	0	1
0.59799	0.17603	0.7696	0.0332	1	0	0	0	1	0	0	0	1
0.60302	0.17605	0.76962	0.033225	1	0	0	0	1	0	0	0	1
0.60804	0.17607	0.76962	0.033233	1	0	0	0	1	0	0	0	1
0.61307	0.17609	0.76962	0.033232	1	0	0	0	1	0	0	0	1
0.61809	0.1761	0.76963	0.033249	1	0	0	0	1	0	0	0	1
0.62312	0.17613	0.76965	0.033287	1	0	0	0	1	0	0	0	1
0.62814	0.17614	0.76966	0.033304	1	0	0	0	1	0	0	0	1
0.63317	0.17614	0.76967	0.033334	1	0	0	0	1	0	0	0	1
0.63819	0.17616	0.76971	0.033382	1	0	0	0	1	0	0	0	1
0.64322	0.17619	0.7697	0.033374	1	0	0	0	1	0	0	0	1
0.64824	0.17622	0.76972	0.033374	1	0	0	0	1	0	0	0	1
0.65327	0.17627	0.76977	0.033409	1	0	0	0	1	0	0	0	1
0.65829	0.1763	0.76978	0.033447	1	0	0	0	1	0	0	0	1
0.66332	0.17634	0.76981	0.033469	1	0	0	0	1	0	0	0	1
0.66834	0.17639	0.76982	0.033501	1	0	0	0	1	0	0	0	1
0.67337	0.17641	0.76987	0.033539	1	0	0	0	1	0	0	0	1
0.67839	0.17646	0.76985	0.033607	1	0	0	0	1	0	0	0	1
0.68342	0.17649	0.76989	0.033646	1	0	0	0	1	0	0	0	1
0.68844	0.17653	0.76994	0.033704	1	0	0	0	1	0	0	0	1
0.69347	0.17659	0.76995	0.033769	1	0	0	0	1	0	0	0	1
0.69849	0.17664	0.76995	0.033858	1	0	0	0	1	0	0	0	1
0.70352	0.1767	0.77	0.033869	1	0	0	0	1	0	0	0	1
0.70854	0.17674	0.77004	0.033964	1	0	0	0	1	0	0	0	1
0.71357	0.17676	0.77005	0.034013	1	0	0	0	1	0	0	0	1
0.71859	0.1768	0.77006	0.034011	1	0	0	0	1	0	0	0	1
0.72362	0.17685	0.77006	0.034052	1	0	0	0	1	0	0	0	1
0.72864	0.17688	0.77013	0.034192	1	0	0	0	1	0	0	0	1
0.73367	0.17693	0.77016	0.034292	1	0	0	0	1	0	0	0	1
0.73869	0.17699	0.77016	0.034368	1	0	0	0	1	0	0	0	1
0.74372	0.17705	0.77015	0.034437	1	0	0	0	1	0	0	0	1
0.74874	0.17709	0.77019	0.034492	1	0	0	0	1	0	0	0	1
0.75377	0.17715	0.77022	0.03453	1	0	0	0	1	0	0	0	1
0.75879	0.1772	0.77025	0.034588	1	0	0	0	1	0	0	0	1
0.76382	0.17726	0.77025	0.034681	1	0	0	0	1	0	0	0	1
0.76884	0.1773	0.77024	0.034735	1	0	0	0	1	0	0	0	1
0.77387	0.17732	0.77028	0.034794	1	0	0	0	1	0	0	0	1
0.77889	0.17739	0.7703	0.034848	1	0	0	0	1	0	0	0	1
0.78392	0.17741	0.77029	0.034889	1	0	0	0	1	0	0	0	1
0.78894	0.17744	0.7703	0.034954	1	0	0	0	1	0	0	0	1
0.79397	0.17748	0.77032	0.035027	1	0	0	0	1	0	0	0	1
0.79899	0.1775	0.77033	0.035054	1	0	0	0	1	0	0	0	1
0.80402	0.17755	0.77032	0.035101	1	0	0	0	1	0	0	0	1
0.80905	0.1776	0.77034	0.03516	1	0	0	0	1	0	0	0	1
0.81407	0.17765	0.77034	0.035222	1	0	0	0	1	0	0	0	1
0.8191	0.17769	0.77036	0.035329	1	0	0	0	1	0	0	0	1
0.82412	0.17774	0.7704	0.035396	1	0	0	0	1	0	0	0	1
0.82915	0.17779	0.7704	0.035459	1	0	0	0	1	0	0	0	1
0.83417	0.17786	0.77038	0.035579	1	0	0	0	1	0	0	0	1
0.8392	0.17793	0.77037	0.035667	1	0	0	0	1	0	0	0	1
0.84422	0.178	0.7705	0.035979	1	0	0	0	1	0	0	0	1
0.84925	0.17804	0.77057	0.036121	1	0	0	0	1	0	0	0	1
0.85427	0.17811	0.77056	0.036206	1	0	0	0	1	0	0	0	1
0.8593	0.17821	0.77055	0.036309	1	0	0	0	1	0	0	0	1
0.86432	0.17825	0.77053	0.036375	1	0	0	0	1	0	0	0	1
0.86935	0.17831	0.77055	0.036494	1	0	0	0	1	0	0	0	1
0.87437	0.17835	0.77056	0.036569	1	0	0	0	1	0	0	0	1
0.8794	0.17842	0.77055	0.036641	1	0	0	0	1	0	0	0	1
0.88442	0.17852	0.77054	0.036739	1	0	0	0	1	0	0	0	1
0.88945	0.17857	0.77052	0.036837	1	0	0	0	1	0	0	0	1
0.89447	0.17864	0.77053	0.03689	1	0	0	0	1	0	0	0	1
0.8995	0.17876	0.77053	0.036989	1	0	0	0	1	0	0	0	1
0.90452	0.17881	0.77054	0.037088	1	0	0	0	1	0	0	0	1
0.90955	0.17888	0.77055	0.037167	1	0	0	0	1	0	0	0	1
0.91457	0.17894	0.77052	0.03724	1	0	0	0	1	0	0	0	1
0.9196	0.17902	0.77051	0.037321	1	0	0	0	1	0	0	0	1
0.92462	0.17906	0.77051	0.037385	1	0	0	0	1	0	0	0	1
0.92965	0.17909	0.77055	0.037437	1	0	0	0	1	0	0	0	1
0.93467	0.17918	0.77054	0.037524	1	0	0	0	1	0	0	0	1
0.9397	0.17923	0.77056	0.037571	1	0	0	0	1	0	0	0	1
0.94472	0.17929	0.77054	0.037621	1	0	0	0	1	0	0	0	1
0.94975	0.17934	0.77054	0.037656	1	0	0	0	1	0	0	0	1
0.95477	0.17938	0.7706	0.037702	1	0	0	0	1	0	0	0	1
0.9598	0.17945	0.77058	0.037794	1	0	0	0	1	0	0	0	1
0.96482	0.17949	0.77053	0.037815	1	0	0	0	1	0	0	0	1
0.96985	0.17953	0.77052	0.037847	1	0	0	0	1	0	0	0	1
0.97487	0.17953	0.77057	0.037854	1	0	0	0	1	0	0	0	1
0.9799	0.17956	0.77054	0.037843	1	0	0	0	1	0	0	0	1
0.98492	0.1796	0.77055	0.037906	1	0	0	0	1	0	0	0	1
0.98995	0.17987	0.77054	0.037841	1	0	0	0	1	0	0	0	1
0.99497	0.17993	0.77056	0.03782	1	0	0	0	1	0	0	0	1
1	0.18002	0.77052	0.037815	1	0	0	0	1	0	0	0	1
