0	0.18017	0.69547	0.080772	1	0	0	0	1	0	0	0	1
0.050251	0.18004	0.69528	0.080621	1	0	0	0	1	0	0	0	1
0.1005	0.17994	0.69517	0.080578	1	0	0	0	1	0	0	0	1
0.15075	0.17987	0.69521	0.080573	1	0	0	0	1	0	0	0	1
0.20101	0.17989	0.69531	0.080556	1	0	0	0	1	0	0	0	1
0.25126	0.17998	0.69548	0.080572	1	0	0	0	1	0	0	0	1
0.30151	0.18015	0.69573	0.080684	1	0	0	0	1	0	0	0	1
0.35176	0.18035	0.69622	0.080641	1	0	0	0	1	0	0	0	1
0.40201	0.1801	0.69638	0.080359	1	0	0	0	1	0	0	0	1
0.45226	0.18025	0.69643	0.080527	1	0	0	0	1	0	0	0	1
0.50251	0.18033	0.69653	0.080726	1	0	0	0	1	0	0	0	1
0.55276	0.18028	0.69675	0.080442	1	0	0	0	1	0	0	0	1
0.60302	0.18032	0.69735	0.080178	1	0	0	0	1	0	0	0	1
0.65327	0.18049	0.69782	0.08031	1	0	0	0	1	0	0	0	1
0.70352	0.18103	0.69848	0.080953	1	0	0	0	1	0	0	0	1
0.75377	0.18186	0.69962	0.081266	1	0	0	0	1	0	0	0	1
0.80402	0.18259	0.70014	0.081498	1	0	0	0	1	0	0	0	1
0.85427	0.1837	0.7007	0.082263	1	0	0	0	1	0	0	0	1
0.90452	0.18466	0.70093	0.08301	1	0	0	0	1	0	0	0	1
0.95477	0.18562	0.70134	0.083212	1	0	0	0	1	0	0	0	1
1.005	0.18639	0.70141	0.083076	1	0	0	0	1	0	0	0	1
1.0553	0.18647	0.70115	0.08301	1	0	0	0	1	0	0	0	1
1.1055	0.18606	0.70063	0.083158	1	0	0	0	1	0	0	0	1
1.1558	0.18553	0.7002	0.083008	1	0	0	0	1	0	0	0	1
1.206	0.18498	0.69966	0.082484	1	0	0	0	1	0	0	0	1
1.2563	0.18423	0.69896	0.081836	1	0	0	0	1	0	0	0	1
1.3065	0.18412	0.69844	0.080851	1	0	0	0	1	0	0	0	1
1.3568	0.1828	0.69784	0.080651	1	0	0	0	1	0	0	0	1
1.407	0.18222	0.69758	0.080882	1	0	0	0	1	0	0	0	1
1.4573	0.18141	0.69732	0.080536	1	0	0	0	1	0	0	0	1
1.5075	0.18099	0.69724	0.080303	1	0	0	0	1	0	0	0	1
1.5578	0.1807	0.6969	0.080221	1	0	0	0	1	0	0	0	1
1.608	0.18024	0.69642	0.080093	1	0	0	0	1	0	0	0	1
1.6583	0.1796	0.69566	0.080272	1	0	0	0	1	0	0	0	1
1.7085	0.17897	0.69518	0.079957	1	0	0	0	1	0	0	0	1
1.7588	0.17849	0.69516	0.07972	1	0	0	0	1	0	0	0	1
1.809	0.17855	0.69524	0.079652	1	0	0	0	1	0	0	0	1
1.8593	0.1786	0.69568	0.079725	1	0	0	0	1	0	0	0	1
1.9095	0.17828	0.69568	0.079379	1	0	0	0	1	0	0	0	1
1.9598	0.178	0.69583	0.079327	1	0	0	0	1	0	0	0	1
2.0101	0.17773	0.69599	0.07925	1	0	0	0	1	0	0	0	1
2.0603	0.17767	0.69639	0.079275	1	0	0	0	1	0	0	0	1
2.1106	0.17799	0.69701	0.079212	1	0	0	0	1	0	0	0	1
2.1608	0.17862	0.69797	0.079272	1	0	0	0	1	0	0	0	1
2.2111	0.17912	0.69893	0.079484	1	0	0	0	1	0	0	0	1
2.2613	0.17962	0.69969	0.079784	1	0	0	0	1	0	0	0	1
2.3116	0.18099	0.70065	0.078954	1	0	0	0	1	0	0	0	1
2.3618	0.18132	0.70134	0.080373	1	0	0	0	1	0	0	0	1
2.4121	0.18183	0.70164	0.080954	1	0	0	0	1	0	0	0	1
2.4623	0.18206	0.70192	0.081335	1	0	0	0	1	0	0	0	1
2.5126	0.1824	0.70217	0.081554	1	0	0	0	1	0	0	0	1
2.5628	0.18295	0.7023	0.081645	1	0	0	0	1	0	0	0	1
2.6131	0.1835	0.70249	0.081794	1	0	0	0	1	0	0	0	1
2.6633	0.18425	0.70256	0.082035	1	0	0	0	1	0	0	0	1
2.7136	0.18499	0.70274	0.082208	1	0	0	0	1	0	0	0	1
2.7638	0.18648	0.70236	0.08239	1	0	0	0	1	0	0	0	1
2.8141	0.18759	0.70179	0.083247	1	0	0	0	1	0	0	0	1
2.8643	0.18799	0.70152	0.083244	1	0	0	0	1	0	0	0	1
2.9146	0.18814	0.70133	0.083168	1	0	0	0	1	0	0	0	1
2.9648	0.18783	0.70127	0.082874	1	0	0	0	1	0	0	0	1
3.0151	0.18682	0.70103	0.082552	1	0	0	0	1	0	0	0	1
3.0653	0.18517	0.69993	0.082562	1	0	0	0	1	0	0	0	1
3.1156	0.18402	0.69969	0.081428	1	0	0	0	1	0	0	0	1
3.1658	0.18295	0.69868	0.080018	1	0	0	0	1	0	0	0	1
3.2161	0.18145	0.69784	0.07997	1	0	0	0	1	0	0	0	1
3.2663	0.18017	0.6972	0.079716	1	0	0	0	1	0	0	0	1
3.3166	0.17922	0.69628	0.079763	1	0	0	0	1	0	0	0	1
3.3668	0.17825	0.69551	0.079675	1	0	0	0	1	0	0	0	1
3.4171	0.17726	0.69485	0.078759	1	0	0	0	1	0	0	0	1
3.4673	0.17687	0.69462	0.078919	1	0	0	0	1	0	0	0	1
3.5176	0.17658	0.69421	0.078274	1	0	0	0	1	0	0	0	1
3.5678	0.17574	0.69374	0.078125	1	0	0	0	1	0	0	0	1
3.6181	0.17514	0.69334	0.078131	1	0	0	0	1	0	0	0	1
3.6683	0.17366	0.69274	0.077701	1	0	0	0	1	0	0	0	1
3.7186	0.17255	0.6927	0.077515	1	0	0	0	1	0	0	0	1
3.7688	0.17196	0.69287	0.077098	1	0	0	0	1	0	0	0	1
3.8191	0.17221	0.69366	0.077192	1	0	0	0	1	0	0	0	1
3.8693	0.17309	0.69489	0.078117	1	0	0	0	1	0	0	0	1
3.9196	0.17355	0.69584	0.07782	1	0	0	0	1	0	0	0	1
3.9698	0.17448	0.69701	0.078061	1	0	0	0	1	0	0	0	1
4.0201	0.17485	0.69791	0.078614	1	0	0	0	1	0	0	0	1
4.0704	0.17542	0.69897	0.078355	1	0	0	0	1	0	0	0	1
4.1206	0.1765	0.70017	0.078527	1	0	0	0	1	0	0	0	1
4.1709	0.17703	0.70145	0.078739	1	0	0	0	1	0	0	0	1
4.2211	0.17784	0.7029	0.078418	1	0	0	0	1	0	0	0	1
4.2714	0.179	0.70399	0.079278	1	0	0	0	1	0	0	0	1
4.3216	0.18053	0.70523	0.078808	1	0	0	0	1	0	0	0	1
4.3719	0.18205	0.70644	0.078641	1	0	0	0	1	0	0	0	1
4.4221	0.18263	0.70541	0.08097	1	0	0	0	1	0	0	0	1
4.4724	0.18359	0.70554	0.081632	1	0	0	0	1	0	0	0	1
4.5226	0.1848	0.70661	0.080885	1	0	0	0	1	0	0	0	1
4.5729	0.18616	0.70708	0.081243	1	0	0	0	1	0	0	0	1
4.6231	0.18767	0.70713	0.081945	1	0	0	0	1	0	0	0	1
4.6734	0.18923	0.70597	0.083051	1	0	0	0	1	0	0	0	1
4.7236	0.19106	0.70522	0.08477	1	0	0	0	1	0	0	0	1
4.7739	0.19202	0.7046	0.085482	1	0	0	0	1	0	0	0	1
4.8241	0.19233	0.70431	0.085959	1	0	0	0	1	0	0	0	1
4.8744	0.19182	0.70388	0.086026	1	0	0	0	1	0	0	0	1
4.9246	0.19147	0.70378	0.085274	1	0	0	0	1	0	0	0	1
4.9749	0.18975	0.7031	0.085154	1	0	0	0	1	0	0	0	1
5.0251	0.18839	0.70307	0.08441	1	0	0	0	1	0	0	0	1
5.0754	0.18734	0.70297	0.083175	1	0	0	0	1	0	0	0	1
5.1256	0.18568	0.70254	0.082526	1	0	0	0	1	0	0	0	1
5.1759	0.18376	0.7012	0.081829	1	0	0	0	1	0	0	0	1
5.2261	0.18221	0.70072	0.081238	1	0	0	0	1	0	0	0	1
5.2764	0.18042	0.69888	0.080351	1	0	0	0	1	0	0	0	1
5.3266	0.17898	0.6977	0.079821	1	0	0	0	1	0	0	0	1
5.3769	0.17699	0.69606	0.079544	1	0	0	0	1	0	0	0	1
5.4271	0.17435	0.69374	0.079	1	0	0	0	1	0	0	0	1
5.4774	0.17186	0.69174	0.078077	1	0	0	0	1	0	0	0	1
5.5276	0.16909	0.69017	0.077329	1	0	0	0	1	0	0	0	1
5.5779	0.16628	0.68879	0.076196	1	0	0	0	1	0	0	0	1
5.6281	0.16337	0.68802	0.074588	1	0	0	0	1	0	0	0	1
5.6784	0.16224	0.68695	0.074532	1	0	0	0	1	0	0	0	1
5.7286	0.16071	0.68686	0.073499	1	0	0	0	1	0	0	0	1
5.7789	0.15985	0.6867	0.073037	1	0	0	0	1	0	0	0	1
5.8291	0.15995	0.68738	0.073015	1	0	0	0	1	0	0	0	1
5.8794	0.16066	0.68825	0.072677	1	0	0	0	1	0	0	0	1
5.9296	0.16076	0.68894	0.072503	1	0	0	0	1	0	0	0	1
5.9799	0.1605	0.68979	0.072583	1	0	0	0	1	0	0	0	1
6.0302	0.161	0.69092	0.072995	1	0	0	0	1	0	0	0	1
6.0804	0.16189	0.69252	0.072855	1	0	0	0	1	0	0	0	1
6.1307	0.1622	0.69377	0.073061	1	0	0	0	1	0	0	0	1
6.1809	0.16267	0.6952	0.073276	1	0	0	0	1	0	0	0	1
6.2312	0.16343	0.69659	0.074041	1	0	0	0	1	0	0	0	1
6.2814	0.16559	0.69842	0.07485	1	0	0	0	1	0	0	0	1
6.3317	0.16761	0.70041	0.075723	1	0	0	0	1	0	0	0	1
6.3819	0.16918	0.70161	0.0771	1	0	0	0	1	0	0	0	1
6.4322	0.16978	0.7025	0.077686	1	0	0	0	1	0	0	0	1
6.4824	0.17076	0.70371	0.078251	1	0	0	0	1	0	0	0	1
6.5327	0.17134	0.70443	0.078985	1	0	0	0	1	0	0	0	1
6.5829	0.17258	0.70515	0.07965	1	0	0	0	1	0	0	0	1
6.6332	0.17426	0.70594	0.080359	1	0	0	0	1	0	0	0	1
6.6834	0.1761	0.70712	0.08017	1	0	0	0	1	0	0	0	1
6.7337	0.17777	0.70757	0.080686	1	0	0	0	1	0	0	0	1
6.7839	0.1798	0.70793	0.081168	1	0	0	0	1	0	0	0	1
6.8342	0.1815	0.70793	0.081869	1	0	0	0	1	0	0	0	1
6.8844	0.18361	0.70811	0.083146	1	0	0	0	1	0	0	0	1
6.9347	0.18581	0.70787	0.083957	1	0	0	0	1	0	0	0	1
6.9849	0.18799	0.70729	0.084873	1	0	0	0	1	0	0	0	1
7.0352	0.18922	0.70681	0.085669	1	0	0	0	1	0	0	0	1
7.0854	0.19162	0.70683	0.086389	1	0	0	0	1	0	0	0	1
7.1357	0.19317	0.70655	0.087248	1	0	0	0	1	0	0	0	1
7.1859	0.19589	0.70583	0.088373	1	0	0	0	1	0	0	0	1
7.2362	0.1995	0.70486	0.090173	1	0	0	0	1	0	0	0	1
7.2864	0.20213	0.70421	0.090854	1	0	0	0	1	0	0	0	1
7.3367	0.2033	0.70422	0.091938	1	0	0	0	1	0	0	0	1
7.3869	0.2042	0.7029	0.092581	1	0	0	0	1	0	0	0	1
7.4372	0.20454	0.70252	0.091077	1	0	0	0	1	0	0	0	1
7.4874	0.20372	0.70244	0.090694	1	0	0	0	1	0	0	0	1
7.5377	0.20234	0.7017	0.090181	1	0	0	0	1	0	0	0	1
7.5879	0.20109	0.70104	0.08999	1	0	0	0	1	0	0	0	1
7.6382	0.199	0.70037	0.089347	1	0	0	0	1	0	0	0	1
7.6884	0.19741	0.69948	0.088836	1	0	0	0	1	0	0	0	1
7.7387	0.19553	0.69907	0.088117	1	0	0	0	1	0	0	0	1
7.7889	0.19437	0.69783	0.08783	1	0	0	0	1	0	0	0	1
7.8392	0.19291	0.6971	0.087026	1	0	0	0	1	0	0	0	1
7.8894	0.19151	0.69598	0.085915	1	0	0	0	1	0	0	0	1
7.9397	0.19025	0.69527	0.085204	1	0	0	0	1	0	0	0	1
7.9899	0.18875	0.69365	0.084843	1	0	0	0	1	0	0	0	1
8.0402	0.18737	0.69206	0.084095	1	0	0	0	1	0	0	0	1
8.0905	0.18595	0.69076	0.083547	1	0	0	0	1	0	0	0	1
8.1407	0.18487	0.68987	0.082885	1	0	0	0	1	0	0	0	1
8.191	0.18455	0.68962	0.08278	1	0	0	0	1	0	0	0	1
8.2412	0.18385	0.68868	0.082519	1	0	0	0	1	0	0	0	1
8.2915	0.18243	0.68806	0.081868	1	0	0	0	1	0	0	0	1
8.3417	0.18071	0.68751	0.081135	1	0	0	0	1	0	0	0	1
8.392	0.17932	0.68774	0.080405	1	0	0	0	1	0	0	0	1
8.4422	0.17802	0.68817	0.079668	1	0	0	0	1	0	0	0	1
8.4925	0.17706	0.68895	0.079774	1	0	0	0	1	0	0	0	1
8.5427	0.17637	0.68909	0.078717	1	0	0	0	1	0	0	0	1
8.593	0.17487	0.68829	0.078123	1	0	0	0	1	0	0	0	1
8.6432	0.1729	0.68637	0.078361	1	0	0	0	1	0	0	0	1
8.6935	0.16988	0.68481	0.07642	1	0	0	0	1	0	0	0	1
8.7437	0.16676	0.68332	0.076105	1	0	0	0	1	0	0	0	1
8.794	0.16178	0.68315	0.07381	1	0	0	0	1	0	0	0	1
8.8442	0.15744	0.68284	0.072457	1	0	0	0	1	0	0	0	1
8.8945	0.15376	0.68332	0.070272	1	0	0	0	1	0	0	0	1
8.9447	0.1517	0.684	0.069066	1	0	0	0	1	0	0	0	1
8.995	0.15087	0.68472	0.068684	1	0	0	0	1	0	0	0	1
9.0452	0.15084	0.68519	0.068715	1	0	0	0	1	0	0	0	1
9.0955	0.15079	0.68568	0.068788	1	0	0	0	1	0	0	0	1
9.1457	0.1507	0.6859	0.068719	1	0	0	0	1	0	0	0	1
9.196	0.15016	0.68605	0.068524	1	0	0	0	1	0	0	0	1
9.2462	0.15002	0.68655	0.068258	1	0	0	0	1	0	0	0	1
9.2965	0.15046	0.68744	0.068174	1	0	0	0	1	0	0	0	1
9.3467	0.15039	0.68876	0.067904	1	0	0	0	1	0	0	0	1
9.397	0.14991	0.68983	0.067815	1	0	0	0	1	0	0	0	1
9.4472	0.14994	0.69065	0.067916	1	0	0	0	1	0	0	0	1
9.4975	0.15055	0.69266	0.068376	1	0	0	0	1	0	0	0	1
9.5477	0.15129	0.69488	0.069822	1	0	0	0	1	0	0	0	1
9.598	0.15292	0.69746	0.072003	1	0	0	0	1	0	0	0	1
9.6482	0.15613	0.70082	0.076807	1	0	0	0	1	0	0	0	1
9.6985	0.16198	0.70506	0.081902	1	0	0	0	1	0	0	0	1
9.7487	0.17074	0.70861	0.085366	1	0	0	0	1	0	0	0	1
9.799	0.17605	0.71243	0.089007	1	0	0	0	1	0	0	0	1
9.8492	0.17607	0.71588	0.09325	1	0	0	0	1	0	0	0	1
9.8995	0.17688	0.71919	0.097511	1	0	0	0	1	0	0	0	1
9.9497	0.17736	0.72155	0.10071	1	0	0	0	1	0	0	0	1
10	0.17778	0.72323	0.1038	1	0	0	0	1	0	0	0	1
