0	0.17086	0.8597	0.023955	1	0	0	0	1	0	0	0	1
0.0050251	0.17087	0.85975	0.023971	1	0	0	0	1	0	0	0	1
0.01005	0.17087	0.85971	0.023945	1	0	0	0	1	0	0	0	1
0.015075	0.17086	0.85969	0.023954	1	0	0	0	1	0	0	0	1
0.020101	0.17085	0.85968	0.023962	1	0	0	0	1	0	0	0	1
0.025126	0.17087	0.85968	0.023918	1	0	0	0	1	0	0	0	1
0.030151	0.17086	0.85968	0.023976	1	0	0	0	1	0	0	0	1
0.035176	0.17089	0.85968	0.023974	1	0	0	0	1	0	0	0	1
0.040201	0.17083	0.85967	0.023951	1	0	0	0	1	0	0	0	1
0.045226	0.17089	0.85967	0.023973	1	0	0	0	1	0	0	0	1
0.050251	0.17089	0.85967	0.023972	1	0	0	0	1	0	0	0	1
0.055276	0.17086	0.85964	0.0239	1	0	0	0	1	0	0	0	1
0.060302	0.17085	0.85964	0.023891	1	0	0	0	1	0	0	0	1
0.065327	0.17087	0.85961	0.023882	1	0	0	0	1	0	0	0	1
0.070352	0.17087	0.85963	0.023904	1	0	0	0	1	0	0	0	1
0.075377	0.17088	0.85965	0.023926	1	0	0	0	1	0	0	0	1
0.080402	0.17084	0.85963	0.023905	1	0	0	0	1	0	0	0	1
0.085427	0.17087	0.8596	0.023915	1	0	0	0	1	0	0	0	1
0.090452	0.17088	0.85962	0.023911	1	0	0	0	1	0	0	0	1
0.095477	0.17083	0.85963	0.023903	1	0	0	0	1	0	0	0	1
0.1005	0.17084	0.8596	0.023906	1	0	0	0	1	0	0	0	1
0.10553	0.17086	0.85961	0.023889	1	0	0	0	1	0	0	0	1
0.11055	0.17086	0.8596	0.023897	1	0	0	0	1	0	0	0	1
0.11558	0.17086	0.85961	0.023895	1	0	0	0	1	0	0	0	1
0.1206	0.17086	0.8596	0.023899	1	0	0	0	1	0	0	0	1
0.12563	0.17086	0.8596	0.023887	1	0	0	0	1	0	0	0	1
0.13065	0.17085	0.85962	0.023902	1	0	0	0	1	0	0	0	1
0.13568	0.17084	0.85961	0.023881	1	0	0	0	1	0	0	0	1
0.1407	0.17084	0.8596	0.023878	1	0	0	0	1	0	0	0	1
0.14573	0.17084	0.85961	0.023878	1	0	0	0	1	0	0	0	1
0.15075	0.17083	0.85961	0.023874	1	0	0	0	1	0	0	0	1
0.15578	0.17085	0.85961	0.023909	1	0	0	0	1	0	0	0	1
0.1608	0.17085	0.85962	0.023921	1	0	0	0	1	0	0	0	1
0.16583	0.17085	0.85961	0.023938	1	0	0	0	1	0	0	0	1
0.17085	0.17086	0.85964	0.023931	1	0	0	0	1	0	0	0	1
0.17588	0.17083	0.85964	0.023897	1	0	0	0	1	0	0	0	1
0.1809	0.17084	0.85964	0.023904	1	0	0	0	1	0	0	0	1
0.18593	0.17086	0.85961	0.023944	1	0	0	0	1	0	0	0	1
0.19095	0.17084	0.85962	0.023961	1	0	0	0	1	0	0	0	1
0.19598	0.17084	0.85962	0.023924	1	0	0	0	1	0	0	0	1
0.20101	0.17085	0.85964	0.023917	1	0	0	0	1	0	0	0	1
0.20603	0.17086	0.85962	0.02392	1	0	0	0	1	0	0	0	1
0.21106	0.17085	0.85962	0.023917	1	0	0	0	1	0	0	0	1
0.21608	0.17085	0.85963	0.023907	1	0	0	0	1	0	0	0	1
0.22111	0.17085	0.85964	0.023921	1	0	0	0	1	0	0	0	1
0.22613	0.17085	0.85965	0.023913	1	0	0	0	1	0	0	0	1
0.23116	0.17087	0.85964	0.023932	1	0	0	0	1	0	0	0	1
0.23618	0.17086	0.85964	0.023948	1	0	0	0	1	0	0	0	1
0.24121	0.17087	0.85964	0.02392	1	0	0	0	1	0	0	0	1
0.24623	0.17087	0.85963	0.023916	1	0	0	0	1	0	0	0	1
0.25126	0.17089	0.85963	0.023925	1	0	0	0	1	0	0	0	1
0.25628	0.17087	0.85964	0.023918	1	0	0	0	1	0	0	0	1
0.26131	0.17087	0.85964	0.023935	1	0	0	0	1	0	0	0	1
0.26633	0.17087	0.85965	0.023946	1	0	0	0	1	0	0	0	1
0.27136	0.17086	0.85967	0.023945	1	0	0	0	1	0	0	0	1
0.27638	0.17087	0.85966	0.023946	1	0	0	0	1	0	0	0	1
0.28141	0.17088	0.85968	0.023973	1	0	0	0	1	0	0	0	1
0.28643	0.17087	0.85967	0.023955	1	0	0	0	1	0	0	0	1
0.29146	0.17085	0.8597	0.023954	1	0	0	0	1	0	0	0	1
0.29648	0.17086	0.85969	0.02398	1	0	0	0	1	0	0	0	1
0.30151	0.17088	0.85969	0.023981	1	0	0	0	1	0	0	0	1
0.30653	0.17088	0.85969	0.023979	1	0	0	0	1	0	0	0	1
0.31156	0.17088	0.8597	0.023951	1	0	0	0	1	0	0	0	1
0.31658	0.17086	0.85973	0.023928	1	0	0	0	1	0	0	0	1
0.32161	0.17086	0.85972	0.023924	1	0	0	0	1	0	0	0	1
0.32663	0.17087	0.85971	0.023927	1	0	0	0	1	0	0	0	1
0.33166	0.17089	0.8597	0.023943	1	0	0	0	1	0	0	0	1
0.33668	0.1709	0.85972	0.023954	1	0	0	0	1	0	0	0	1
0.34171	0.17088	0.85972	0.023958	1	0	0	0	1	0	0	0	1
0.34673	0.17088	0.85972	0.023947	1	0	0	0	1	0	0	0	1
0.35176	0.17088	0.85973	0.023938	1	0	0	0	1	0	0	0	1
0.35678	0.17089	0.85975	0.023947	1	0	0	0	1	0	0	0	1
0.36181	0.17089	0.85976	0.023955	1	0	0	0	1	0	0	0	1
0.36683	0.17087	0.85979	0.023961	1	0	0	0	1	0	0	0	1
0.37186	0.17088	0.85979	0.023981	1	0	0	0	1	0	0	0	1
0.37688	0.17087	0.85979	0.023993	1	0	0	0	1	0	0	0	1
0.38191	0.17088	0.85979	0.023988	1	0	0	0	1	0	0	0	1
0.38693	0.17086	0.85979	0.023982	1	0	0	0	1	0	0	0	1
0.39196	0.17086	0.8598	0.024002	1	0	0	0	1	0	0	0	1
0.39698	0.17086	0.8598	0.023971	1	0	0	0	1	0	0	0	1
0.40201	0.17087	0.85979	0.02396	1	0	0	0	1	0	0	0	1
0.40704	0.17087	0.8598	0.02397	1	0	0	0	1	0	0	0	1
0.41206	0.17088	0.8598	0.023981	1	0	0	0	1	0	0	0	1
0.41709	0.17088	0.85979	0.02399	1	0	0	0	1	0	0	0	1
0.42211	0.17086	0.85979	0.023969	1	0	0	0	1	0	0	0	1
0.42714	0.17085	0.8598	0.023959	1	0	0	0	1	0	0	0	1
0.43216	0.17086	0.85979	0.023961	1	0	0	0	1	0	0	0	1
0.43719	0.17088	0.85979	0.023964	1	0	0	0	1	0	0	0	1
0.44221	0.17089	0.8598	0.023987	1	0	0	0	1	0	0	0	1
0.44724	0.17088	0.85981	0.023981	1	0	0	0	1	0	0	0	1
0.45226	0.17085	0.85982	0.023968	1	0	0	0	1	0	0	0	1
0.45729	0.17084	0.85982	0.023956	1	0	0	0	1	0	0	0	1
0.46231	0.17084	0.85982	0.023939	1	0	0	0	1	0	0	0	1
0.46734	0.17083	0.85982	0.023941	1	0	0	0	1	0	0	0	1
0.47236	0.17084	0.85982	0.023948	1	0	0	0	1	0	0	0	1
0.47739	0.17084	0.85982	0.023949	1	0	0	0	1	0	0	0	1
0.48241	0.17083	0.85982	0.023946	1	0	0	0	1	0	0	0	1
0.48744	0.17084	0.8598	0.023938	1	0	0	0	1	0	0	0	1
0.49246	0.17085	0.85979	0.023925	1	0	0	0	1	0	0	0	1
0.49749	0.17083	0.8598	0.023939	1	0	0	0	1	0	0	0	1
0.50251	0.17082	0.85981	0.023935	1	0	0	0	1	0	0	0	1
0.50754	0.17082	0.8598	0.023921	1	0	0	0	1	0	0	0	1
0.51256	0.17083	0.85984	0.023934	1	0	0	0	1	0	0	0	1
0.51759	0.17084	0.85982	0.023918	1	0	0	0	1	0	0	0	1
0.52261	0.17085	0.8598	0.023905	1	0	0	0	1	0	0	0	1
0.52764	0.17085	0.85981	0.02391	1	0	0	0	1	0	0	0	1
0.53266	0.17081	0.85979	0.023922	1	0	0	0	1	0	0	0	1
0.53769	0.17083	0.8598	0.023921	1	0	0	0	1	0	0	0	1
0.54271	0.17086	0.85982	0.023916	1	0	0	0	1	0	0	0	1
0.54774	0.17085	0.85984	0.023917	1	0	0	0	1	0	0	0	1
0.55276	0.17084	0.85984	0.023932	1	0	0	0	1	0	0	0	1
0.55779	0.17081	0.85976	0.023864	1	0	0	0	1	0	0	0	1
0.56281	0.17079	0.85974	0.023834	1	0	0	0	1	0	0	0	1
0.56784	0.1708	0.8598	0.023896	1	0	0	0	1	0	0	0	1
0.57286	0.17079	0.85981	0.023937	1	0	0	0	1	0	0	0	1
0.57789	0.17081	0.85983	0.023957	1	0	0	0	1	0	0	0	1
0.58291	0.17078	0.85981	0.023951	1	0	0	0	1	0	0	0	1
0.58794	0.17075	0.85979	0.02394	1	0	0	0	1	0	0	0	1
0.59296	0.17076	0.85979	0.023938	1	0	0	0	1	0	0	0	1
0.59799	0.17076	0.85981	0.023951	1	0	0	0	1	0	0	0	1
0.60302	0.17076	0.85983	0.023937	1	0	0	0	1	0	0	0	1
0.60804	0.17076	0.85984	0.023961	1	0	0	0	1	0	0	0	1
0.61307	0.17073	0.85984	0.024005	1	0	0	0	1	0	0	0	1
0.61809	0.17068	0.85985	0.024022	1	0	0	0	1	0	0	0	1
0.62312	0.1707	0.85986	0.023998	1	0	0	0	1	0	0	0	1
0.62814	0.17071	0.85987	0.023992	1	0	0	0	1	0	0	0	1
0.63317	0.17067	0.85986	0.024033	1	0	0	0	1	0	0	0	1
0.63819	0.17064	0.85985	0.024053	1	0	0	0	1	0	0	0	1
0.64322	0.1706	0.85987	0.024038	1	0	0	0	1	0	0	0	1
0.64824	0.17061	0.85989	0.024009	1	0	0	0	1	0	0	0	1
0.65327	0.17045	0.85986	0.024169	1	0	0	0	1	0	0	0	1
0.65829	0.17035	0.85984	0.024272	1	0	0	0	1	0	0	0	1
0.66332	0.17034	0.85985	0.024292	1	0	0	0	1	0	0	0	1
0.66834	0.17034	0.85986	0.024299	1	0	0	0	1	0	0	0	1
0.67337	0.17033	0.85986	0.024286	1	0	0	0	1	0	0	0	1
0.67839	0.17035	0.85986	0.024304	1	0	0	0	1	0	0	0	1
0.68342	0.17053	0.85989	0.024134	1	0	0	0	1	0	0	0	1
0.68844	0.17046	0.8599	0.024211	1	0	0	0	1	0	0	0	1
0.69347	0.17038	0.85991	0.024361	1	0	0	0	1	0	0	0	1
0.69849	0.17039	0.85992	0.024366	1	0	0	0	1	0	0	0	1
0.70352	0.17041	0.85992	0.024353	1	0	0	0	1	0	0	0	1
0.70854	0.17042	0.85991	0.024355	1	0	0	0	1	0	0	0	1
0.71357	0.17045	0.85989	0.024317	1	0	0	0	1	0	0	0	1
0.71859	0.17045	0.85989	0.024332	1	0	0	0	1	0	0	0	1
0.72362	0.17047	0.85992	0.024352	1	0	0	0	1	0	0	0	1
0.72864	0.17049	0.85993	0.024351	1	0	0	0	1	0	0	0	1
0.73367	0.17048	0.85993	0.024352	1	0	0	0	1	0	0	0	1
0.73869	0.17049	0.85992	0.024382	1	0	0	0	1	0	0	0	1
0.74372	0.1705	0.85992	0.024397	1	0	0	0	1	0	0	0	1
0.74874	0.17051	0.85992	0.024396	1	0	0	0	1	0	0	0	1
0.75377	0.17053	0.85994	0.024396	1	0	0	0	1	0	0	0	1
0.75879	0.17055	0.85996	0.024399	1	0	0	0	1	0	0	0	1
0.76382	0.17056	0.85996	0.0244	1	0	0	0	1	0	0	0	1
0.76884	0.17059	0.85996	0.024459	1	0	0	0	1	0	0	0	1
0.77387	0.1706	0.85996	0.024483	1	0	0	0	1	0	0	0	1
0.77889	0.17061	0.85995	0.024474	1	0	0	0	1	0	0	0	1
0.78392	0.17061	0.85995	0.024474	1	0	0	0	1	0	0	0	1
0.78894	0.17067	0.85996	0.024494	1	0	0	0	1	0	0	0	1
0.79397	0.17068	0.85995	0.024521	1	0	0	0	1	0	0	0	1
0.79899	0.17069	0.85993	0.024528	1	0	0	0	1	0	0	0	1
0.80402	0.1707	0.85994	0.024542	1	0	0	0	1	0	0	0	1
0.80905	0.17072	0.85997	0.024521	1	0	0	0	1	0	0	0	1
0.81407	0.17075	0.85994	0.024533	1	0	0	0	1	0	0	0	1
0.8191	0.1708	0.85991	0.024531	1	0	0	0	1	0	0	0	1
0.82412	0.17081	0.85991	0.024527	1	0	0	0	1	0	0	0	1
0.82915	0.1708	0.85994	0.024548	1	0	0	0	1	0	0	0	1
0.83417	0.17082	0.85991	0.024569	1	0	0	0	1	0	0	0	1
0.8392	0.17085	0.85993	0.024612	1	0	0	0	1	0	0	0	1
0.84422	0.1709	0.8599	0.024657	1	0	0	0	1	0	0	0	1
0.84925	0.17091	0.85989	0.024664	1	0	0	0	1	0	0	0	1
0.85427	0.17093	0.85991	0.024689	1	0	0	0	1	0	0	0	1
0.8593	0.17098	0.8599	0.024725	1	0	0	0	1	0	0	0	1
0.86432	0.17099	0.85989	0.024778	1	0	0	0	1	0	0	0	1
0.86935	0.171	0.85988	0.024805	1	0	0	0	1	0	0	0	1
0.87437	0.17104	0.85987	0.024836	1	0	0	0	1	0	0	0	1
0.8794	0.17107	0.85987	0.024817	1	0	0	0	1	0	0	0	1
0.88442	0.17111	0.85988	0.024862	1	0	0	0	1	0	0	0	1
0.88945	0.17116	0.85982	0.024867	1	0	0	0	1	0	0	0	1
0.89447	0.1712	0.85982	0.024879	1	0	0	0	1	0	0	0	1
0.8995	0.17128	0.85982	0.024947	1	0	0	0	1	0	0	0	1
0.90452	0.17128	0.85982	0.025007	1	0	0	0	1	0	0	0	1
0.90955	0.17134	0.8598	0.025063	1	0	0	0	1	0	0	0	1
0.91457	0.1714	0.85979	0.025054	1	0	0	0	1	0	0	0	1
0.9196	0.17145	0.85979	0.025078	1	0	0	0	1	0	0	0	1
0.92462	0.17156	0.8597	0.024948	1	0	0	0	1	0	0	0	1
0.92965	0.17157	0.85975	0.025145	1	0	0	0	1	0	0	0	1
0.93467	0.17164	0.85966	0.02504	1	0	0	0	1	0	0	0	1
0.9397	0.17166	0.8597	0.025261	1	0	0	0	1	0	0	0	1
0.94472	0.17175	0.85972	0.025354	1	0	0	0	1	0	0	0	1
0.94975	0.1718	0.85972	0.025447	1	0	0	0	1	0	0	0	1
0.95477	0.17188	0.85971	0.025422	1	0	0	0	1	0	0	0	1
0.9598	0.17194	0.8597	0.025459	1	0	0	0	1	0	0	0	1
0.96482	0.17199	0.85969	0.025512	1	0	0	0	1	0	0	0	1
0.96985	0.1721	0.85969	0.025591	1	0	0	0	1	0	0	0	1
0.97487	0.17216	0.85969	0.025608	1	0	0	0	1	0	0	0	1
0.9799	0.17221	0.85968	0.025656	1	0	0	0	1	0	0	0	1
0.98492	0.17223	0.85967	0.02568	1	0	0	0	1	0	0	0	1
0.98995	0.1723	0.85965	0.025726	1	0	0	0	1	0	0	0	1
0.99497	0.17235	0.85966	0.02573	1	0	0	0	1	0	0	0	1
1	0.17237	0.85967	0.025747	1	0	0	0	1	0	0	0	1
