0	0.18011	0.60353	0.065007	1	0	0	0	1	0	0	0	1
0.010007	0.18009	0.60329	0.064409	1	0	0	0	1	0	0	0	1
0.020013	0.17994	0.60297	0.063923	1	0	0	0	1	0	0	0	1
0.03002	0.17987	0.60283	0.062962	1	0	0	0	1	0	0	0	1
0.040027	0.17977	0.60272	0.062036	1	0	0	0	1	0	0	0	1
0.050034	0.17954	0.60209	0.061739	1	0	0	0	1	0	0	0	1
0.06004	0.17949	0.60174	0.061129	1	0	0	0	1	0	0	0	1
0.070047	0.17951	0.60169	0.060271	1	0	0	0	1	0	0	0	1
0.080054	0.1795	0.6016	0.05963	1	0	0	0	1	0	0	0	1
0.09006	0.17932	0.60148	0.058869	1	0	0	0	1	0	0	0	1
0.10007	0.17891	0.6014	0.058471	1	0	0	0	1	0	0	0	1
0.11007	0.17837	0.60133	0.058152	1	0	0	0	1	0	0	0	1
0.12008	0.17762	0.60098	0.058223	1	0	0	0	1	0	0	0	1
0.13009	0.17617	0.5997	0.059583	1	0	0	0	1	0	0	0	1
0.14009	0.17554	0.59996	0.05893	1	0	0	0	1	0	0	0	1
0.1501	0.17528	0.60064	0.058091	1	0	0	0	1	0	0	0	1
0.16011	0.17449	0.60078	0.05761	1	0	0	0	1	0	0	0	1
0.17011	0.17375	0.60074	0.057305	1	0	0	0	1	0	0	0	1
0.18012	0.17219	0.59949	0.058911	1	0	0	0	1	0	0	0	1
0.19013	0.1718	0.59973	0.058255	1	0	0	0	1	0	0	0	1
0.20013	0.1713	0.59986	0.058083	1	0	0	0	1	0	0	0	1
0.21014	0.17072	0.59986	0.058049	1	0	0	0	1	0	0	0	1
0.22015	0.16993	0.59968	0.058382	1	0	0	0	1	0	0	0	1
0.23015	0.16927	0.59984	0.058323	1	0	0	0	1	0	0	0	1
0.24016	0.16879	0.59997	0.058239	1	0	0	0	1	0	0	0	1
0.25017	0.16854	0.59977	0.059192	1	0	0	0	1	0	0	0	1
0.26017	0.16771	0.59987	0.059244	1	0	0	0	1	0	0	0	1
0.27018	0.16689	0.6002	0.058812	1	0	0	0	1	0	0	0	1
0.28019	0.16627	0.60049	0.058231	1	0	0	0	1	0	0	0	1
0.29019	0.16577	0.60034	0.058676	1	0	0	0	1	0	0	0	1
0.3002	0.1655	0.6002	0.059253	1	0	0	0	1	0	0	0	1
0.31021	0.16529	0.60068	0.058835	1	0	0	0	1	0	0	0	1
0.32021	0.16535	0.60031	0.060175	1	0	0	0	1	0	0	0	1
0.33022	0.16541	0.60029	0.060893	1	0	0	0	1	0	0	0	1
0.34023	0.16541	0.60044	0.061112	1	0	0	0	1	0	0	0	1
0.35023	0.16534	0.60065	0.061213	1	0	0	0	1	0	0	0	1
0.36024	0.16526	0.60096	0.061374	1	0	0	0	1	0	0	0	1
0.37025	0.16538	0.60131	0.062043	1	0	0	0	1	0	0	0	1
0.38026	0.16551	0.60125	0.063162	1	0	0	0	1	0	0	0	1
0.39026	0.16549	0.60148	0.063749	1	0	0	0	1	0	0	0	1
0.40027	0.16568	0.60172	0.064413	1	0	0	0	1	0	0	0	1
0.41028	0.1658	0.60191	0.065023	1	0	0	0	1	0	0	0	1
0.42028	0.16601	0.60209	0.0661	1	0	0	0	1	0	0	0	1
0.43029	0.16564	0.6024	0.066917	1	0	0	0	1	0	0	0	1
0.4403	0.16581	0.60271	0.067416	1	0	0	0	1	0	0	0	1
0.4503	0.16569	0.60309	0.068404	1	0	0	0	1	0	0	0	1
0.46031	0.16532	0.60338	0.069193	1	0	0	0	1	0	0	0	1
0.47032	0.16515	0.60371	0.069513	1	0	0	0	1	0	0	0	1
0.48032	0.16497	0.60431	0.07051	1	0	0	0	1	0	0	0	1
0.49033	0.16486	0.60487	0.071412	1	0	0	0	1	0	0	0	1
0.50034	0.16473	0.60534	0.072295	1	0	0	0	1	0	0	0	1
0.51034	0.16487	0.60583	0.073115	1	0	0	0	1	0	0	0	1
0.52035	0.1647	0.60627	0.073687	1	0	0	0	1	0	0	0	1
0.53036	0.16459	0.60661	0.07414	1	0	0	0	1	0	0	0	1
0.54036	0.1647	0.60701	0.075234	1	0	0	0	1	0	0	0	1
0.55037	0.16466	0.60732	0.07608	1	0	0	0	1	0	0	0	1
0.56038	0.16491	0.60836	0.07593	1	0	0	0	1	0	0	0	1
0.57038	0.16503	0.60886	0.077057	1	0	0	0	1	0	0	0	1
0.58039	0.16489	0.60866	0.078734	1	0	0	0	1	0	0	0	1
0.5904	0.16506	0.60967	0.077827	1	0	0	0	1	0	0	0	1
0.6004	0.16514	0.61027	0.079185	1	0	0	0	1	0	0	0	1
0.61041	0.16568	0.6104	0.080658	1	0	0	0	1	0	0	0	1
0.62042	0.16578	0.61088	0.081234	1	0	0	0	1	0	0	0	1
0.63042	0.16568	0.61138	0.082219	1	0	0	0	1	0	0	0	1
0.64043	0.16592	0.61172	0.08218	1	0	0	0	1	0	0	0	1
0.65044	0.16586	0.61216	0.083814	1	0	0	0	1	0	0	0	1
0.66044	0.16607	0.61268	0.084366	1	0	0	0	1	0	0	0	1
0.67045	0.16643	0.61331	0.085052	1	0	0	0	1	0	0	0	1
0.68046	0.16654	0.61385	0.084424	1	0	0	0	1	0	0	0	1
0.69046	0.16651	0.61408	0.084566	1	0	0	0	1	0	0	0	1
0.70047	0.16728	0.61435	0.086108	1	0	0	0	1	0	0	0	1
0.71048	0.16743	0.61452	0.0871	1	0	0	0	1	0	0	0	1
0.72048	0.16784	0.61498	0.088049	1	0	0	0	1	0	0	0	1
0.73049	0.16857	0.61534	0.088785	1	0	0	0	1	0	0	0	1
0.7405	0.16884	0.61534	0.088298	1	0	0	0	1	0	0	0	1
0.7505	0.16929	0.61548	0.089993	1	0	0	0	1	0	0	0	1
0.76051	0.1703	0.61609	0.089579	1	0	0	0	1	0	0	0	1
0.77052	0.17115	0.61666	0.090075	1	0	0	0	1	0	0	0	1
0.78052	0.17167	0.61685	0.090866	1	0	0	0	1	0	0	0	1
0.79053	0.17065	0.61456	0.09621	1	0	0	0	1	0	0	0	1
0.80054	0.17164	0.61509	0.096363	1	0	0	0	1	0	0	0	1
0.81054	0.17154	0.61549	0.097359	1	0	0	0	1	0	0	0	1
0.82055	0.17169	0.61577	0.098378	1	0	0	0	1	0	0	0	1
0.83056	0.173	0.61625	0.096992	1	0	0	0	1	0	0	0	1
0.84056	0.17348	0.61639	0.097291	1	0	0	0	1	0	0	0	1
0.85057	0.17423	0.61675	0.09807	1	0	0	0	1	0	0	0	1
0.86058	0.17483	0.61714	0.098375	1	0	0	0	1	0	0	0	1
0.87058	0.17532	0.61747	0.098497	1	0	0	0	1	0	0	0	1
0.88059	0.1765	0.61815	0.09862	1	0	0	0	1	0	0	0	1
0.8906	0.17685	0.61831	0.098895	1	0	0	0	1	0	0	0	1
0.9006	0.17724	0.61842	0.099029	1	0	0	0	1	0	0	0	1
0.91061	0.17764	0.61849	0.099251	1	0	0	0	1	0	0	0	1
0.92062	0.17788	0.61869	0.099365	1	0	0	0	1	0	0	0	1
0.93062	0.17824	0.61886	0.099464	1	0	0	0	1	0	0	0	1
0.94063	0.17854	0.61897	0.099559	1	0	0	0	1	0	0	0	1
0.95064	0.1788	0.61898	0.099571	1	0	0	0	1	0	0	0	1
0.96064	0.17911	0.61897	0.099668	1	0	0	0	1	0	0	0	1
0.97065	0.1796	0.61895	0.099836	1	0	0	0	1	0	0	0	1
0.98066	0.18053	0.61916	0.099679	1	0	0	0	1	0	0	0	1
0.99066	0.18093	0.61918	0.10009	1	0	0	0	1	0	0	0	1
1.0007	0.18171	0.61909	0.099988	1	0	0	0	1	0	0	0	1
1.0107	0.18222	0.61898	0.099965	1	0	0	0	1	0	0	0	1
1.0207	0.1827	0.61882	0.09989	1	0	0	0	1	0	0	0	1
1.0307	0.18323	0.61859	0.099699	1	0	0	0	1	0	0	0	1
1.0407	0.18362	0.61838	0.099417	1	0	0	0	1	0	0	0	1
1.0507	0.18411	0.61807	0.099165	1	0	0	0	1	0	0	0	1
1.0607	0.18462	0.61778	0.098801	1	0	0	0	1	0	0	0	1
1.0707	0.18513	0.61749	0.098394	1	0	0	0	1	0	0	0	1
1.0807	0.18585	0.61734	0.097968	1	0	0	0	1	0	0	0	1
1.0907	0.186	0.61686	0.097932	1	0	0	0	1	0	0	0	1
1.1007	0.18671	0.61652	0.097509	1	0	0	0	1	0	0	0	1
1.1107	0.18744	0.6162	0.097112	1	0	0	0	1	0	0	0	1
1.1208	0.188	0.61588	0.096754	1	0	0	0	1	0	0	0	1
1.1308	0.18859	0.61536	0.096462	1	0	0	0	1	0	0	0	1
1.1408	0.18911	0.61483	0.095889	1	0	0	0	1	0	0	0	1
1.1508	0.18971	0.61439	0.095615	1	0	0	0	1	0	0	0	1
1.1608	0.19001	0.61407	0.095017	1	0	0	0	1	0	0	0	1
1.1708	0.1904	0.61356	0.094287	1	0	0	0	1	0	0	0	1
1.1808	0.19074	0.61303	0.093456	1	0	0	0	1	0	0	0	1
1.1908	0.19107	0.61266	0.092742	1	0	0	0	1	0	0	0	1
1.2008	0.19106	0.6122	0.092148	1	0	0	0	1	0	0	0	1
1.2108	0.19102	0.61169	0.091435	1	0	0	0	1	0	0	0	1
1.2208	0.19093	0.6114	0.090813	1	0	0	0	1	0	0	0	1
1.2308	0.19103	0.61106	0.090053	1	0	0	0	1	0	0	0	1
1.2408	0.19108	0.61036	0.089301	1	0	0	0	1	0	0	0	1
1.2508	0.19122	0.60997	0.08863	1	0	0	0	1	0	0	0	1
1.2608	0.1911	0.60936	0.087737	1	0	0	0	1	0	0	0	1
1.2709	0.19088	0.60911	0.086427	1	0	0	0	1	0	0	0	1
1.2809	0.1908	0.60882	0.085776	1	0	0	0	1	0	0	0	1
1.2909	0.19068	0.60845	0.084911	1	0	0	0	1	0	0	0	1
1.3009	0.19049	0.60819	0.08416	1	0	0	0	1	0	0	0	1
1.3109	0.19003	0.60779	0.083631	1	0	0	0	1	0	0	0	1
1.3209	0.18914	0.6074	0.082897	1	0	0	0	1	0	0	0	1
1.3309	0.18838	0.6077	0.081615	1	0	0	0	1	0	0	0	1
1.3409	0.18778	0.60712	0.081945	1	0	0	0	1	0	0	0	1
1.3509	0.18701	0.60691	0.08186	1	0	0	0	1	0	0	0	1
1.3609	0.1862	0.60703	0.080957	1	0	0	0	1	0	0	0	1
1.3709	0.18579	0.60715	0.079692	1	0	0	0	1	0	0	0	1
1.3809	0.18554	0.607	0.079294	1	0	0	0	1	0	0	0	1
1.3909	0.18514	0.60727	0.078391	1	0	0	0	1	0	0	0	1
1.4009	0.18483	0.60647	0.079189	1	0	0	0	1	0	0	0	1
1.4109	0.18461	0.60631	0.078245	1	0	0	0	1	0	0	0	1
1.421	0.18461	0.60579	0.07809	1	0	0	0	1	0	0	0	1
1.431	0.18432	0.60568	0.07745	1	0	0	0	1	0	0	0	1
1.441	0.18374	0.60533	0.076837	1	0	0	0	1	0	0	0	1
1.451	0.18291	0.60524	0.076087	1	0	0	0	1	0	0	0	1
1.461	0.18211	0.60513	0.075739	1	0	0	0	1	0	0	0	1
1.471	0.18129	0.60534	0.074288	1	0	0	0	1	0	0	0	1
1.481	0.18013	0.60506	0.074366	1	0	0	0	1	0	0	0	1
1.491	0.17913	0.60475	0.073683	1	0	0	0	1	0	0	0	1
1.501	0.17832	0.60463	0.073474	1	0	0	0	1	0	0	0	1
1.511	0.17749	0.60468	0.072136	1	0	0	0	1	0	0	0	1
1.521	0.17656	0.60516	0.070454	1	0	0	0	1	0	0	0	1
1.531	0.17601	0.60504	0.069933	1	0	0	0	1	0	0	0	1
1.541	0.17573	0.60445	0.070244	1	0	0	0	1	0	0	0	1
1.551	0.17557	0.60413	0.070052	1	0	0	0	1	0	0	0	1
1.561	0.17513	0.60427	0.06911	1	0	0	0	1	0	0	0	1
1.5711	0.17473	0.6043	0.068355	1	0	0	0	1	0	0	0	1
1.5811	0.17434	0.60433	0.067457	1	0	0	0	1	0	0	0	1
1.5911	0.17415	0.60405	0.067151	1	0	0	0	1	0	0	0	1
1.6011	0.17396	0.60375	0.066961	1	0	0	0	1	0	0	0	1
1.6111	0.17388	0.60374	0.066475	1	0	0	0	1	0	0	0	1
1.6211	0.17385	0.60392	0.065765	1	0	0	0	1	0	0	0	1
1.6311	0.17338	0.60287	0.066748	1	0	0	0	1	0	0	0	1
1.6411	0.17322	0.60209	0.067556	1	0	0	0	1	0	0	0	1
1.6511	0.17304	0.60292	0.066107	1	0	0	0	1	0	0	0	1
1.6611	0.173	0.60351	0.06486	1	0	0	0	1	0	0	0	1
1.6711	0.17281	0.60406	0.063813	1	0	0	0	1	0	0	0	1
1.6811	0.17253	0.60394	0.063569	1	0	0	0	1	0	0	0	1
1.6911	0.17209	0.60353	0.06366	1	0	0	0	1	0	0	0	1
1.7011	0.1718	0.60332	0.063458	1	0	0	0	1	0	0	0	1
1.7111	0.17154	0.60318	0.063225	1	0	0	0	1	0	0	0	1
1.7212	0.17124	0.60277	0.063448	1	0	0	0	1	0	0	0	1
1.7312	0.17086	0.60139	0.065339	1	0	0	0	1	0	0	0	1
1.7412	0.17074	0.60141	0.065019	1	0	0	0	1	0	0	0	1
1.7512	0.17049	0.60124	0.065077	1	0	0	0	1	0	0	0	1
1.7612	0.17044	0.60156	0.064338	1	0	0	0	1	0	0	0	1
1.7712	0.1706	0.60347	0.061344	1	0	0	0	1	0	0	0	1
1.7812	0.17027	0.60314	0.061788	1	0	0	0	1	0	0	0	1
1.7912	0.17046	0.60322	0.061324	1	0	0	0	1	0	0	0	1
1.8012	0.1702	0.60318	0.061321	1	0	0	0	1	0	0	0	1
1.8112	0.1702	0.60339	0.060823	1	0	0	0	1	0	0	0	1
1.8212	0.16983	0.60338	0.060894	1	0	0	0	1	0	0	0	1
1.8312	0.16955	0.60335	0.061039	1	0	0	0	1	0	0	0	1
1.8412	0.1691	0.60338	0.061111	1	0	0	0	1	0	0	0	1
1.8512	0.16876	0.60357	0.061038	1	0	0	0	1	0	0	0	1
1.8612	0.16853	0.60366	0.061009	1	0	0	0	1	0	0	0	1
1.8713	0.16831	0.60379	0.060955	1	0	0	0	1	0	0	0	1
1.8813	0.16818	0.60391	0.060862	1	0	0	0	1	0	0	0	1
1.8913	0.16796	0.60402	0.060733	1	0	0	0	1	0	0	0	1
1.9013	0.16774	0.60415	0.06067	1	0	0	0	1	0	0	0	1
1.9113	0.16742	0.60411	0.060841	1	0	0	0	1	0	0	0	1
1.9213	0.16702	0.60405	0.061292	1	0	0	0	1	0	0	0	1
1.9313	0.16673	0.60414	0.061412	1	0	0	0	1	0	0	0	1
1.9413	0.16621	0.60398	0.062048	1	0	0	0	1	0	0	0	1
1.9513	0.16539	0.60329	0.063559	1	0	0	0	1	0	0	0	1
1.9613	0.16511	0.60347	0.063558	1	0	0	0	1	0	0	0	1
1.9713	0.16487	0.60387	0.063309	1	0	0	0	1	0	0	0	1
1.9813	0.16488	0.60477	0.062172	1	0	0	0	1	0	0	0	1
1.9913	0.16453	0.60489	0.06229	1	0	0	0	1	0	0	0	1
2.0013	0.16421	0.605	0.062313	1	0	0	0	1	0	0	0	1
2.0113	0.1639	0.60504	0.062645	1	0	0	0	1	0	0	0	1
2.0214	0.16356	0.60513	0.062919	1	0	0	0	1	0	0	0	1
2.0314	0.16286	0.60431	0.06452	1	0	0	0	1	0	0	0	1
2.0414	0.16269	0.60441	0.06493	1	0	0	0	1	0	0	0	1
2.0514	0.1633	0.60511	0.064546	1	0	0	0	1	0	0	0	1
2.0614	0.16276	0.60486	0.06534	1	0	0	0	1	0	0	0	1
2.0714	0.16306	0.60549	0.065141	1	0	0	0	1	0	0	0	1
2.0814	0.16302	0.60561	0.065721	1	0	0	0	1	0	0	0	1
2.0914	0.16294	0.60575	0.066066	1	0	0	0	1	0	0	0	1
2.1014	0.16275	0.60592	0.06626	1	0	0	0	1	0	0	0	1
2.1114	0.16268	0.60614	0.066742	1	0	0	0	1	0	0	0	1
2.1214	0.16209	0.60587	0.067899	1	0	0	0	1	0	0	0	1
2.1314	0.1621	0.60566	0.068713	1	0	0	0	1	0	0	0	1
2.1414	0.16279	0.60559	0.069259	1	0	0	0	1	0	0	0	1
2.1514	0.1648	0.60681	0.068634	1	0	0	0	1	0	0	0	1
2.1614	0.16557	0.60688	0.068897	1	0	0	0	1	0	0	0	1
2.1715	0.16666	0.60692	0.06947	1	0	0	0	1	0	0	0	1
2.1815	0.16721	0.60695	0.069879	1	0	0	0	1	0	0	0	1
2.1915	0.16754	0.60689	0.070396	1	0	0	0	1	0	0	0	1
2.2015	0.16789	0.60694	0.070874	1	0	0	0	1	0	0	0	1
2.2115	0.16825	0.60728	0.071442	1	0	0	0	1	0	0	0	1
2.2215	0.16847	0.60776	0.071938	1	0	0	0	1	0	0	0	1
2.2315	0.16832	0.60815	0.072075	1	0	0	0	1	0	0	0	1
2.2415	0.16872	0.6084	0.073124	1	0	0	0	1	0	0	0	1
2.2515	0.16861	0.60856	0.073544	1	0	0	0	1	0	0	0	1
2.2615	0.16903	0.60865	0.074219	1	0	0	0	1	0	0	0	1
2.2715	0.16925	0.60879	0.074533	1	0	0	0	1	0	0	0	1
2.2815	0.16956	0.60913	0.075106	1	0	0	0	1	0	0	0	1
2.2915	0.16976	0.60957	0.075492	1	0	0	0	1	0	0	0	1
2.3015	0.16965	0.60983	0.075785	1	0	0	0	1	0	0	0	1
2.3116	0.16962	0.61006	0.076276	1	0	0	0	1	0	0	0	1
2.3216	0.16967	0.61036	0.07678	1	0	0	0	1	0	0	0	1
2.3316	0.1697	0.61063	0.077113	1	0	0	0	1	0	0	0	1
2.3416	0.1695	0.61078	0.077806	1	0	0	0	1	0	0	0	1
2.3516	0.16914	0.61088	0.078282	1	0	0	0	1	0	0	0	1
2.3616	0.169	0.61117	0.078927	1	0	0	0	1	0	0	0	1
2.3716	0.16907	0.61156	0.079559	1	0	0	0	1	0	0	0	1
2.3816	0.16926	0.61202	0.080056	1	0	0	0	1	0	0	0	1
2.3916	0.16943	0.61239	0.080849	1	0	0	0	1	0	0	0	1
2.4016	0.16953	0.61279	0.081178	1	0	0	0	1	0	0	0	1
2.4116	0.16935	0.61298	0.081885	1	0	0	0	1	0	0	0	1
2.4216	0.16928	0.6131	0.082672	1	0	0	0	1	0	0	0	1
2.4316	0.16932	0.61347	0.082332	1	0	0	0	1	0	0	0	1
2.4416	0.16935	0.61349	0.082894	1	0	0	0	1	0	0	0	1
2.4516	0.16951	0.61365	0.083192	1	0	0	0	1	0	0	0	1
2.4617	0.16979	0.61379	0.083544	1	0	0	0	1	0	0	0	1
2.4717	0.17034	0.61398	0.083837	1	0	0	0	1	0	0	0	1
2.4817	0.17101	0.61404	0.084154	1	0	0	0	1	0	0	0	1
2.4917	0.17165	0.61425	0.084298	1	0	0	0	1	0	0	0	1
2.5017	0.17195	0.61368	0.085689	1	0	0	0	1	0	0	0	1
2.5117	0.17158	0.61171	0.089202	1	0	0	0	1	0	0	0	1
2.5217	0.17244	0.61196	0.089052	1	0	0	0	1	0	0	0	1
2.5317	0.17309	0.61217	0.089581	1	0	0	0	1	0	0	0	1
2.5417	0.17366	0.6124	0.089805	1	0	0	0	1	0	0	0	1
2.5517	0.17428	0.61253	0.089814	1	0	0	0	1	0	0	0	1
2.5617	0.17477	0.61258	0.089869	1	0	0	0	1	0	0	0	1
2.5717	0.1752	0.61263	0.089899	1	0	0	0	1	0	0	0	1
2.5817	0.17572	0.61279	0.089914	1	0	0	0	1	0	0	0	1
2.5917	0.17615	0.61279	0.090188	1	0	0	0	1	0	0	0	1
2.6017	0.17678	0.61322	0.089956	1	0	0	0	1	0	0	0	1
2.6118	0.17756	0.61321	0.090358	1	0	0	0	1	0	0	0	1
2.6218	0.17794	0.6133	0.090303	1	0	0	0	1	0	0	0	1
2.6318	0.17838	0.61341	0.090387	1	0	0	0	1	0	0	0	1
2.6418	0.17882	0.6136	0.090665	1	0	0	0	1	0	0	0	1
2.6518	0.17932	0.61365	0.090711	1	0	0	0	1	0	0	0	1
2.6618	0.17986	0.61358	0.090792	1	0	0	0	1	0	0	0	1
2.6718	0.18021	0.61339	0.091078	1	0	0	0	1	0	0	0	1
2.6818	0.18056	0.61319	0.091508	1	0	0	0	1	0	0	0	1
2.6918	0.1809	0.61336	0.091469	1	0	0	0	1	0	0	0	1
2.7018	0.18113	0.61348	0.091381	1	0	0	0	1	0	0	0	1
2.7118	0.18141	0.61337	0.091548	1	0	0	0	1	0	0	0	1
2.7218	0.18154	0.61341	0.091528	1	0	0	0	1	0	0	0	1
2.7318	0.18166	0.61341	0.091517	1	0	0	0	1	0	0	0	1
2.7418	0.1818	0.6134	0.091394	1	0	0	0	1	0	0	0	1
2.7518	0.18188	0.61335	0.091327	1	0	0	0	1	0	0	0	1
2.7619	0.18198	0.61323	0.091182	1	0	0	0	1	0	0	0	1
2.7719	0.1821	0.6131	0.091011	1	0	0	0	1	0	0	0	1
2.7819	0.18231	0.61287	0.090745	1	0	0	0	1	0	0	0	1
2.7919	0.18248	0.61264	0.090488	1	0	0	0	1	0	0	0	1
2.8019	0.18286	0.61253	0.090133	1	0	0	0	1	0	0	0	1
2.8119	0.18328	0.61231	0.089705	1	0	0	0	1	0	0	0	1
2.8219	0.18367	0.61209	0.089497	1	0	0	0	1	0	0	0	1
2.8319	0.18409	0.61186	0.089239	1	0	0	0	1	0	0	0	1
2.8419	0.18466	0.61142	0.089332	1	0	0	0	1	0	0	0	1
2.8519	0.18499	0.61111	0.088935	1	0	0	0	1	0	0	0	1
2.8619	0.18533	0.61086	0.088238	1	0	0	0	1	0	0	0	1
2.8719	0.18566	0.61072	0.087447	1	0	0	0	1	0	0	0	1
2.8819	0.18585	0.61036	0.087014	1	0	0	0	1	0	0	0	1
2.8919	0.18622	0.60992	0.086291	1	0	0	0	1	0	0	0	1
2.9019	0.18669	0.60952	0.085544	1	0	0	0	1	0	0	0	1
2.912	0.18707	0.6089	0.084635	1	0	0	0	1	0	0	0	1
2.922	0.18729	0.60817	0.083785	1	0	0	0	1	0	0	0	1
2.932	0.18759	0.60771	0.083013	1	0	0	0	1	0	0	0	1
2.942	0.1881	0.60721	0.082101	1	0	0	0	1	0	0	0	1
2.952	0.1884	0.60674	0.081217	1	0	0	0	1	0	0	0	1
2.962	0.18866	0.60641	0.080656	1	0	0	0	1	0	0	0	1
2.972	0.18894	0.60597	0.079858	1	0	0	0	1	0	0	0	1
2.982	0.18918	0.60561	0.079147	1	0	0	0	1	0	0	0	1
2.992	0.18948	0.60519	0.07843	1	0	0	0	1	0	0	0	1
3.002	0.18959	0.60497	0.077793	1	0	0	0	1	0	0	0	1
3.012	0.18975	0.60474	0.077032	1	0	0	0	1	0	0	0	1
3.022	0.18978	0.60439	0.076528	1	0	0	0	1	0	0	0	1
3.032	0.18985	0.60408	0.075793	1	0	0	0	1	0	0	0	1
3.042	0.18986	0.60374	0.075396	1	0	0	0	1	0	0	0	1
3.052	0.18976	0.60343	0.074776	1	0	0	0	1	0	0	0	1
3.0621	0.18968	0.60311	0.074147	1	0	0	0	1	0	0	0	1
3.0721	0.18948	0.6028	0.073522	1	0	0	0	1	0	0	0	1
3.0821	0.18932	0.60257	0.073019	1	0	0	0	1	0	0	0	1
3.0921	0.18914	0.60237	0.072465	1	0	0	0	1	0	0	0	1
3.1021	0.18865	0.60222	0.071801	1	0	0	0	1	0	0	0	1
3.1121	0.18823	0.60197	0.071482	1	0	0	0	1	0	0	0	1
3.1221	0.1878	0.60164	0.071424	1	0	0	0	1	0	0	0	1
3.1321	0.18739	0.60187	0.069798	1	0	0	0	1	0	0	0	1
3.1421	0.18695	0.60167	0.069153	1	0	0	0	1	0	0	0	1
3.1521	0.18664	0.60137	0.068581	1	0	0	0	1	0	0	0	1
3.1621	0.18639	0.60051	0.068447	1	0	0	0	1	0	0	0	1
3.1721	0.18612	0.60018	0.067999	1	0	0	0	1	0	0	0	1
3.1821	0.18556	0.59957	0.067652	1	0	0	0	1	0	0	0	1
3.1921	0.18475	0.60004	0.066201	1	0	0	0	1	0	0	0	1
3.2021	0.18406	0.59973	0.065884	1	0	0	0	1	0	0	0	1
3.2122	0.18322	0.60006	0.064715	1	0	0	0	1	0	0	0	1
3.2222	0.18253	0.6002	0.063774	1	0	0	0	1	0	0	0	1
3.2322	0.18161	0.59989	0.063358	1	0	0	0	1	0	0	0	1
3.2422	0.1807	0.59885	0.063763	1	0	0	0	1	0	0	0	1
3.2522	0.18014	0.59871	0.063475	1	0	0	0	1	0	0	0	1
3.2622	0.17959	0.59956	0.061916	1	0	0	0	1	0	0	0	1
3.2722	0.17927	0.59948	0.061426	1	0	0	0	1	0	0	0	1
3.2822	0.1789	0.59831	0.062411	1	0	0	0	1	0	0	0	1
3.2922	0.17867	0.59804	0.062065	1	0	0	0	1	0	0	0	1
3.3022	0.17844	0.59777	0.061587	1	0	0	0	1	0	0	0	1
3.3122	0.17815	0.59731	0.061501	1	0	0	0	1	0	0	0	1
3.3222	0.17767	0.59759	0.060453	1	0	0	0	1	0	0	0	1
3.3322	0.17751	0.59754	0.060132	1	0	0	0	1	0	0	0	1
3.3422	0.17741	0.59726	0.060333	1	0	0	0	1	0	0	0	1
3.3522	0.17714	0.59716	0.060091	1	0	0	0	1	0	0	0	1
3.3623	0.17653	0.5968	0.060119	1	0	0	0	1	0	0	0	1
3.3723	0.17551	0.59617	0.06091	1	0	0	0	1	0	0	0	1
3.3823	0.17527	0.59597	0.060817	1	0	0	0	1	0	0	0	1
3.3923	0.17514	0.59606	0.060338	1	0	0	0	1	0	0	0	1
3.4023	0.17487	0.59639	0.059174	1	0	0	0	1	0	0	0	1
3.4123	0.17454	0.59655	0.058202	1	0	0	0	1	0	0	0	1
3.4223	0.17532	0.59927	0.053476	1	0	0	0	1	0	0	0	1
3.4323	0.17504	0.59953	0.052672	1	0	0	0	1	0	0	0	1
3.4423	0.17471	0.59944	0.052738	1	0	0	0	1	0	0	0	1
3.4523	0.17439	0.59944	0.052651	1	0	0	0	1	0	0	0	1
3.4623	0.17404	0.59957	0.052491	1	0	0	0	1	0	0	0	1
3.4723	0.17376	0.59968	0.05217	1	0	0	0	1	0	0	0	1
3.4823	0.17355	0.59975	0.05192	1	0	0	0	1	0	0	0	1
3.4923	0.17315	0.59987	0.051746	1	0	0	0	1	0	0	0	1
3.5023	0.17254	0.59989	0.051979	1	0	0	0	1	0	0	0	1
3.5124	0.17202	0.59983	0.052224	1	0	0	0	1	0	0	0	1
3.5224	0.17164	0.59983	0.052376	1	0	0	0	1	0	0	0	1
3.5324	0.17125	0.59981	0.052465	1	0	0	0	1	0	0	0	1
3.5424	0.17068	0.59934	0.053242	1	0	0	0	1	0	0	0	1
3.5524	0.17003	0.59883	0.05428	1	0	0	0	1	0	0	0	1
3.5624	0.17014	0.59921	0.054096	1	0	0	0	1	0	0	0	1
3.5724	0.17018	0.60007	0.053105	1	0	0	0	1	0	0	0	1
3.5824	0.16998	0.59998	0.053917	1	0	0	0	1	0	0	0	1
3.5924	0.16954	0.59991	0.054185	1	0	0	0	1	0	0	0	1
3.6024	0.16931	0.59998	0.054475	1	0	0	0	1	0	0	0	1
3.6124	0.16891	0.59994	0.055071	1	0	0	0	1	0	0	0	1
3.6224	0.16851	0.60005	0.055508	1	0	0	0	1	0	0	0	1
3.6324	0.1674	0.60004	0.055553	1	0	0	0	1	0	0	0	1
3.6424	0.16716	0.60008	0.056562	1	0	0	0	1	0	0	0	1
3.6524	0.16711	0.60073	0.056328	1	0	0	0	1	0	0	0	1
3.6625	0.16668	0.60094	0.05676	1	0	0	0	1	0	0	0	1
3.6725	0.16608	0.60116	0.057197	1	0	0	0	1	0	0	0	1
3.6825	0.16562	0.60123	0.057746	1	0	0	0	1	0	0	0	1
3.6925	0.16443	0.60124	0.058374	1	0	0	0	1	0	0	0	1
3.7025	0.16419	0.60173	0.058939	1	0	0	0	1	0	0	0	1
3.7125	0.164	0.60213	0.059518	1	0	0	0	1	0	0	0	1
3.7225	0.16377	0.60248	0.060018	1	0	0	0	1	0	0	0	1
3.7325	0.16367	0.60284	0.060816	1	0	0	0	1	0	0	0	1
3.7425	0.16333	0.60308	0.061596	1	0	0	0	1	0	0	0	1
3.7525	0.16389	0.60372	0.062366	1	0	0	0	1	0	0	0	1
3.7625	0.16332	0.60407	0.063212	1	0	0	0	1	0	0	0	1
3.7725	0.16258	0.60429	0.064163	1	0	0	0	1	0	0	0	1
3.7825	0.16243	0.60461	0.064643	1	0	0	0	1	0	0	0	1
3.7925	0.16227	0.6052	0.065357	1	0	0	0	1	0	0	0	1
3.8026	0.16206	0.6057	0.0662	1	0	0	0	1	0	0	0	1
3.8126	0.16191	0.60612	0.066838	1	0	0	0	1	0	0	0	1
3.8226	0.16196	0.60656	0.067792	1	0	0	0	1	0	0	0	1
3.8326	0.16191	0.60697	0.068531	1	0	0	0	1	0	0	0	1
3.8426	0.16181	0.60732	0.069261	1	0	0	0	1	0	0	0	1
3.8526	0.16172	0.60767	0.070229	1	0	0	0	1	0	0	0	1
3.8626	0.16148	0.60803	0.071169	1	0	0	0	1	0	0	0	1
3.8726	0.16124	0.60856	0.071781	1	0	0	0	1	0	0	0	1
3.8826	0.16143	0.6094	0.072673	1	0	0	0	1	0	0	0	1
3.8926	0.1613	0.60988	0.073307	1	0	0	0	1	0	0	0	1
3.9026	0.16091	0.6102	0.074372	1	0	0	0	1	0	0	0	1
3.9126	0.16072	0.61064	0.075388	1	0	0	0	1	0	0	0	1
3.9226	0.16081	0.61108	0.075965	1	0	0	0	1	0	0	0	1
3.9326	0.16127	0.61178	0.076603	1	0	0	0	1	0	0	0	1
3.9426	0.16161	0.61225	0.077792	1	0	0	0	1	0	0	0	1
3.9527	0.16212	0.61261	0.078241	1	0	0	0	1	0	0	0	1
3.9627	0.1625	0.61295	0.079587	1	0	0	0	1	0	0	0	1
3.9727	0.16321	0.61357	0.079818	1	0	0	0	1	0	0	0	1
3.9827	0.16348	0.61402	0.081324	1	0	0	0	1	0	0	0	1
3.9927	0.16433	0.61459	0.082301	1	0	0	0	1	0	0	0	1
4.0027	0.16446	0.61511	0.082712	1	0	0	0	1	0	0	0	1
4.0127	0.16453	0.61584	0.083549	1	0	0	0	1	0	0	0	1
4.0227	0.1646	0.61626	0.085132	1	0	0	0	1	0	0	0	1
4.0327	0.16481	0.61666	0.08546	1	0	0	0	1	0	0	0	1
4.0427	0.16473	0.61713	0.086182	1	0	0	0	1	0	0	0	1
4.0527	0.16504	0.61766	0.086526	1	0	0	0	1	0	0	0	1
4.0627	0.16554	0.61833	0.087201	1	0	0	0	1	0	0	0	1
4.0727	0.16592	0.61846	0.089315	1	0	0	0	1	0	0	0	1
4.0827	0.16642	0.61865	0.089669	1	0	0	0	1	0	0	0	1
4.0927	0.16696	0.6195	0.089942	1	0	0	0	1	0	0	0	1
4.1028	0.16736	0.61978	0.091612	1	0	0	0	1	0	0	0	1
4.1128	0.16589	0.61745	0.095837	1	0	0	0	1	0	0	0	1
4.1228	0.16629	0.61777	0.096262	1	0	0	0	1	0	0	0	1
4.1328	0.16752	0.61902	0.095253	1	0	0	0	1	0	0	0	1
4.1428	0.16971	0.62136	0.093072	1	0	0	0	1	0	0	0	1
4.1528	0.16996	0.62159	0.093422	1	0	0	0	1	0	0	0	1
4.1628	0.16698	0.6196	0.101	1	0	0	0	1	0	0	0	1
4.1728	0.16822	0.61974	0.10031	1	0	0	0	1	0	0	0	1
4.1828	0.16987	0.62018	0.098411	1	0	0	0	1	0	0	0	1
4.1928	0.1684	0.62027	0.10238	1	0	0	0	1	0	0	0	1
4.2028	0.16885	0.62042	0.10274	1	0	0	0	1	0	0	0	1
4.2128	0.17113	0.62064	0.099374	1	0	0	0	1	0	0	0	1
4.2228	0.17153	0.62082	0.099422	1	0	0	0	1	0	0	0	1
4.2328	0.17197	0.62082	0.0996	1	0	0	0	1	0	0	0	1
4.2428	0.17229	0.62095	0.099832	1	0	0	0	1	0	0	0	1
4.2529	0.17265	0.62115	0.10018	1	0	0	0	1	0	0	0	1
4.2629	0.17286	0.62163	0.10092	1	0	0	0	1	0	0	0	1
4.2729	0.17341	0.6222	0.10053	1	0	0	0	1	0	0	0	1
4.2829	0.17354	0.62245	0.1008	1	0	0	0	1	0	0	0	1
4.2929	0.1737	0.62263	0.10113	1	0	0	0	1	0	0	0	1
4.3029	0.17385	0.62275	0.10123	1	0	0	0	1	0	0	0	1
4.3129	0.17408	0.62274	0.10121	1	0	0	0	1	0	0	0	1
4.3229	0.17428	0.62265	0.1012	1	0	0	0	1	0	0	0	1
4.3329	0.17457	0.62258	0.10123	1	0	0	0	1	0	0	0	1
4.3429	0.175	0.6224	0.10113	1	0	0	0	1	0	0	0	1
4.3529	0.17562	0.62222	0.10147	1	0	0	0	1	0	0	0	1
4.3629	0.17619	0.62203	0.10117	1	0	0	0	1	0	0	0	1
4.3729	0.17658	0.62183	0.10125	1	0	0	0	1	0	0	0	1
4.3829	0.17701	0.62172	0.10109	1	0	0	0	1	0	0	0	1
4.3929	0.17751	0.62158	0.10086	1	0	0	0	1	0	0	0	1
4.403	0.17787	0.62138	0.10083	1	0	0	0	1	0	0	0	1
4.413	0.17826	0.62123	0.10078	1	0	0	0	1	0	0	0	1
4.423	0.1786	0.62106	0.10062	1	0	0	0	1	0	0	0	1
4.433	0.17889	0.62083	0.10046	1	0	0	0	1	0	0	0	1
4.443	0.17954	0.62046	0.09993	1	0	0	0	1	0	0	0	1
4.453	0.18003	0.62005	0.099231	1	0	0	0	1	0	0	0	1
4.463	0.18039	0.61963	0.098812	1	0	0	0	1	0	0	0	1
4.473	0.18088	0.61918	0.098472	1	0	0	0	1	0	0	0	1
4.483	0.18129	0.61876	0.098125	1	0	0	0	1	0	0	0	1
4.493	0.18172	0.61825	0.097695	1	0	0	0	1	0	0	0	1
4.503	0.1822	0.61782	0.097207	1	0	0	0	1	0	0	0	1
4.513	0.18258	0.61752	0.096895	1	0	0	0	1	0	0	0	1
4.523	0.18285	0.61713	0.096513	1	0	0	0	1	0	0	0	1
4.533	0.18302	0.61671	0.096048	1	0	0	0	1	0	0	0	1
4.543	0.18311	0.61643	0.095647	1	0	0	0	1	0	0	0	1
4.5531	0.1832	0.6162	0.095123	1	0	0	0	1	0	0	0	1
4.5631	0.18332	0.61585	0.094482	1	0	0	0	1	0	0	0	1
4.5731	0.1834	0.61546	0.093608	1	0	0	0	1	0	0	0	1
4.5831	0.18341	0.61514	0.092963	1	0	0	0	1	0	0	0	1
4.5931	0.1834	0.61474	0.092372	1	0	0	0	1	0	0	0	1
4.6031	0.18334	0.61407	0.091526	1	0	0	0	1	0	0	0	1
4.6131	0.18329	0.61352	0.091004	1	0	0	0	1	0	0	0	1
4.6231	0.18328	0.61301	0.090287	1	0	0	0	1	0	0	0	1
4.6331	0.18323	0.61261	0.089392	1	0	0	0	1	0	0	0	1
4.6431	0.18313	0.61241	0.088805	1	0	0	0	1	0	0	0	1
4.6531	0.18295	0.61215	0.08786	1	0	0	0	1	0	0	0	1
4.6631	0.18285	0.61178	0.086887	1	0	0	0	1	0	0	0	1
4.6731	0.18272	0.6114	0.086322	1	0	0	0	1	0	0	0	1
4.6831	0.18245	0.61084	0.085573	1	0	0	0	1	0	0	0	1
4.6931	0.18225	0.61048	0.0847	1	0	0	0	1	0	0	0	1
4.7032	0.18217	0.61006	0.083643	1	0	0	0	1	0	0	0	1
4.7132	0.18182	0.60984	0.082388	1	0	0	0	1	0	0	0	1
4.7232	0.18153	0.60936	0.08151	1	0	0	0	1	0	0	0	1
4.7332	0.18118	0.60906	0.080712	1	0	0	0	1	0	0	0	1
4.7432	0.18073	0.60874	0.08019	1	0	0	0	1	0	0	0	1
4.7532	0.18023	0.60828	0.079105	1	0	0	0	1	0	0	0	1
4.7632	0.17974	0.6077	0.078308	1	0	0	0	1	0	0	0	1
4.7732	0.17933	0.60703	0.07745	1	0	0	0	1	0	0	0	1
4.7832	0.17912	0.60697	0.075634	1	0	0	0	1	0	0	0	1
4.7932	0.17869	0.60665	0.074457	1	0	0	0	1	0	0	0	1
4.8032	0.17806	0.60607	0.073455	1	0	0	0	1	0	0	0	1
4.8132	0.17768	0.60594	0.0719	1	0	0	0	1	0	0	0	1
4.8232	0.17741	0.60518	0.071227	1	0	0	0	1	0	0	0	1
4.8332	0.17721	0.60485	0.069932	1	0	0	0	1	0	0	0	1
4.8432	0.17702	0.60428	0.068924	1	0	0	0	1	0	0	0	1
4.8533	0.17672	0.60388	0.068177	1	0	0	0	1	0	0	0	1
4.8633	0.17646	0.60406	0.066511	1	0	0	0	1	0	0	0	1
4.8733	0.17607	0.60397	0.065235	1	0	0	0	1	0	0	0	1
4.8833	0.17575	0.60359	0.064451	1	0	0	0	1	0	0	0	1
4.8933	0.17526	0.6026	0.064151	1	0	0	0	1	0	0	0	1
4.9033	0.17517	0.60206	0.063884	1	0	0	0	1	0	0	0	1
4.9133	0.17487	0.60258	0.061383	1	0	0	0	1	0	0	0	1
4.9233	0.17464	0.60267	0.05997	1	0	0	0	1	0	0	0	1
4.9333	0.17449	0.6024	0.059493	1	0	0	0	1	0	0	0	1
4.9433	0.17434	0.60199	0.058838	1	0	0	0	1	0	0	0	1
4.9533	0.17432	0.60171	0.058278	1	0	0	0	1	0	0	0	1
4.9633	0.17431	0.60177	0.057332	1	0	0	0	1	0	0	0	1
4.9733	0.17412	0.60142	0.056819	1	0	0	0	1	0	0	0	1
4.9833	0.17408	0.6011	0.056439	1	0	0	0	1	0	0	0	1
4.9933	0.17393	0.59915	0.058435	1	0	0	0	1	0	0	0	1
5.0034	0.1739	0.59908	0.057749	1	0	0	0	1	0	0	0	1
5.0134	0.17378	0.59925	0.056398	1	0	0	0	1	0	0	0	1
5.0234	0.17349	0.60038	0.053418	1	0	0	0	1	0	0	0	1
5.0334	0.17334	0.60029	0.052692	1	0	0	0	1	0	0	0	1
5.0434	0.17296	0.60022	0.052152	1	0	0	0	1	0	0	0	1
5.0534	0.17268	0.60007	0.051545	1	0	0	0	1	0	0	0	1
5.0634	0.17236	0.59991	0.051142	1	0	0	0	1	0	0	0	1
5.0734	0.17193	0.5996	0.051064	1	0	0	0	1	0	0	0	1
5.0834	0.17155	0.59922	0.050949	1	0	0	0	1	0	0	0	1
5.0934	0.17123	0.59929	0.049921	1	0	0	0	1	0	0	0	1
5.1034	0.1708	0.59911	0.049592	1	0	0	0	1	0	0	0	1
5.1134	0.17002	0.59809	0.05072	1	0	0	0	1	0	0	0	1
5.1234	0.16965	0.59816	0.050438	1	0	0	0	1	0	0	0	1
5.1334	0.16941	0.59887	0.049006	1	0	0	0	1	0	0	0	1
5.1434	0.16897	0.5984	0.049394	1	0	0	0	1	0	0	0	1
5.1535	0.16822	0.59855	0.04877	1	0	0	0	1	0	0	0	1
5.1635	0.16758	0.59802	0.049437	1	0	0	0	1	0	0	0	1
5.1735	0.16716	0.59801	0.049238	1	0	0	0	1	0	0	0	1
5.1835	0.16671	0.59782	0.049391	1	0	0	0	1	0	0	0	1
5.1935	0.16636	0.59776	0.049417	1	0	0	0	1	0	0	0	1
5.2035	0.16613	0.59765	0.049454	1	0	0	0	1	0	0	0	1
5.2135	0.16575	0.59778	0.049007	1	0	0	0	1	0	0	0	1
5.2235	0.16561	0.59777	0.048945	1	0	0	0	1	0	0	0	1
5.2335	0.16549	0.59823	0.048209	1	0	0	0	1	0	0	0	1
5.2435	0.1649	0.59831	0.048116	1	0	0	0	1	0	0	0	1
5.2535	0.16448	0.59826	0.048222	1	0	0	0	1	0	0	0	1
5.2635	0.16421	0.59811	0.048593	1	0	0	0	1	0	0	0	1
5.2735	0.16382	0.59813	0.048691	1	0	0	0	1	0	0	0	1
5.2835	0.16374	0.598	0.049147	1	0	0	0	1	0	0	0	1
5.2936	0.16344	0.59804	0.049266	1	0	0	0	1	0	0	0	1
5.3036	0.16306	0.59801	0.049583	1	0	0	0	1	0	0	0	1
5.3136	0.16252	0.59809	0.049876	1	0	0	0	1	0	0	0	1
5.3236	0.16196	0.59816	0.050097	1	0	0	0	1	0	0	0	1
5.3336	0.16158	0.59867	0.049763	1	0	0	0	1	0	0	0	1
5.3436	0.16105	0.59881	0.050267	1	0	0	0	1	0	0	0	1
5.3536	0.16053	0.5987	0.051166	1	0	0	0	1	0	0	0	1
5.3636	0.15998	0.59869	0.051695	1	0	0	0	1	0	0	0	1
5.3736	0.15942	0.59873	0.05215	1	0	0	0	1	0	0	0	1
5.3836	0.1589	0.59894	0.052565	1	0	0	0	1	0	0	0	1
5.3936	0.15842	0.59909	0.053444	1	0	0	0	1	0	0	0	1
5.4036	0.15808	0.59948	0.053925	1	0	0	0	1	0	0	0	1
5.4136	0.15792	0.59979	0.054367	1	0	0	0	1	0	0	0	1
5.4236	0.15805	0.60003	0.055104	1	0	0	0	1	0	0	0	1
5.4336	0.15823	0.60031	0.055942	1	0	0	0	1	0	0	0	1
5.4437	0.15824	0.6002	0.057165	1	0	0	0	1	0	0	0	1
5.4537	0.15836	0.60072	0.057715	1	0	0	0	1	0	0	0	1
5.4637	0.15846	0.60128	0.058397	1	0	0	0	1	0	0	0	1
5.4737	0.15872	0.60157	0.059303	1	0	0	0	1	0	0	0	1
5.4837	0.15907	0.60185	0.060391	1	0	0	0	1	0	0	0	1
5.4937	0.1591	0.60224	0.061431	1	0	0	0	1	0	0	0	1
5.5037	0.15922	0.60251	0.062475	1	0	0	0	1	0	0	0	1
5.5137	0.1594	0.60301	0.063403	1	0	0	0	1	0	0	0	1
5.5237	0.15949	0.60346	0.064382	1	0	0	0	1	0	0	0	1
5.5337	0.15954	0.60403	0.065693	1	0	0	0	1	0	0	0	1
5.5437	0.15935	0.60459	0.066721	1	0	0	0	1	0	0	0	1
5.5537	0.15947	0.6052	0.067486	1	0	0	0	1	0	0	0	1
5.5637	0.15948	0.60572	0.068727	1	0	0	0	1	0	0	0	1
5.5737	0.15978	0.60637	0.070031	1	0	0	0	1	0	0	0	1
5.5837	0.15993	0.60685	0.071035	1	0	0	0	1	0	0	0	1
5.5938	0.16003	0.60736	0.071683	1	0	0	0	1	0	0	0	1
5.6038	0.15977	0.60785	0.072417	1	0	0	0	1	0	0	0	1
5.6138	0.15902	0.6084	0.073211	1	0	0	0	1	0	0	0	1
5.6238	0.15812	0.60887	0.074254	1	0	0	0	1	0	0	0	1
5.6338	0.15736	0.60963	0.074999	1	0	0	0	1	0	0	0	1
5.6438	0.15644	0.61026	0.075413	1	0	0	0	1	0	0	0	1
5.6538	0.15507	0.6108	0.077558	1	0	0	0	1	0	0	0	1
5.6638	0.15526	0.61146	0.077329	1	0	0	0	1	0	0	0	1
5.6738	0.15544	0.61219	0.077982	1	0	0	0	1	0	0	0	1
5.6838	0.15531	0.61261	0.078995	1	0	0	0	1	0	0	0	1
5.6938	0.15609	0.61319	0.079795	1	0	0	0	1	0	0	0	1
5.7038	0.1567	0.61382	0.080911	1	0	0	0	1	0	0	0	1
5.7138	0.15739	0.61453	0.081524	1	0	0	0	1	0	0	0	1
5.7238	0.1579	0.61505	0.083197	1	0	0	0	1	0	0	0	1
5.7338	0.15887	0.6158	0.083372	1	0	0	0	1	0	0	0	1
5.7439	0.15912	0.61661	0.085362	1	0	0	0	1	0	0	0	1
5.7539	0.15963	0.61723	0.08694	1	0	0	0	1	0	0	0	1
5.7639	0.16018	0.61773	0.087629	1	0	0	0	1	0	0	0	1
5.7739	0.16157	0.61902	0.088243	1	0	0	0	1	0	0	0	1
5.7839	0.16151	0.61953	0.091162	1	0	0	0	1	0	0	0	1
5.7939	0.16298	0.6205	0.091741	1	0	0	0	1	0	0	0	1
5.8039	0.16404	0.62141	0.09364	1	0	0	0	1	0	0	0	1
5.8139	0.16521	0.62222	0.094985	1	0	0	0	1	0	0	0	1
5.8239	0.16695	0.62311	0.096228	1	0	0	0	1	0	0	0	1
5.8339	0.16811	0.62389	0.098071	1	0	0	0	1	0	0	0	1
5.8439	0.17078	0.6249	0.097855	1	0	0	0	1	0	0	0	1
5.8539	0.17113	0.62523	0.10029	1	0	0	0	1	0	0	0	1
5.8639	0.17288	0.62573	0.10196	1	0	0	0	1	0	0	0	1
5.8739	0.17468	0.62641	0.1027	1	0	0	0	1	0	0	0	1
5.8839	0.17501	0.62567	0.10588	1	0	0	0	1	0	0	0	1
5.894	0.17567	0.6259	0.10699	1	0	0	0	1	0	0	0	1
5.904	0.17729	0.62653	0.10789	1	0	0	0	1	0	0	0	1
5.914	0.17793	0.62736	0.10758	1	0	0	0	1	0	0	0	1
5.924	0.17745	0.62771	0.10947	1	0	0	0	1	0	0	0	1
5.934	0.17768	0.62829	0.11	1	0	0	0	1	0	0	0	1
5.944	0.17814	0.62926	0.10928	1	0	0	0	1	0	0	0	1
5.954	0.178	0.62991	0.11016	1	0	0	0	1	0	0	0	1
5.964	0.17709	0.63043	0.11243	1	0	0	0	1	0	0	0	1
5.974	0.17715	0.63144	0.11371	1	0	0	0	1	0	0	0	1
5.984	0.17708	0.63221	0.1139	1	0	0	0	1	0	0	0	1
5.994	0.17754	0.63318	0.11433	1	0	0	0	1	0	0	0	1
6.004	0.17729	0.63439	0.11588	1	0	0	0	1	0	0	0	1
6.014	0.17703	0.63532	0.11721	1	0	0	0	1	0	0	0	1
6.024	0.1779	0.6359	0.11679	1	0	0	0	1	0	0	0	1
6.034	0.17749	0.63664	0.11785	1	0	0	0	1	0	0	0	1
6.0441	0.17727	0.63762	0.11905	1	0	0	0	1	0	0	0	1
6.0541	0.17771	0.63843	0.11993	1	0	0	0	1	0	0	0	1
6.0641	0.17748	0.63923	0.12109	1	0	0	0	1	0	0	0	1
6.0741	0.1784	0.63985	0.12129	1	0	0	0	1	0	0	0	1
6.0841	0.1789	0.64054	0.12171	1	0	0	0	1	0	0	0	1
6.0941	0.17916	0.64129	0.12207	1	0	0	0	1	0	0	0	1
6.1041	0.17951	0.64203	0.1229	1	0	0	0	1	0	0	0	1
6.1141	0.17999	0.64252	0.12338	1	0	0	0	1	0	0	0	1
6.1241	0.18012	0.6434	0.12511	1	0	0	0	1	0	0	0	1
6.1341	0.18078	0.64405	0.12564	1	0	0	0	1	0	0	0	1
6.1441	0.18192	0.64418	0.12521	1	0	0	0	1	0	0	0	1
6.1541	0.18259	0.64431	0.12558	1	0	0	0	1	0	0	0	1
6.1641	0.18353	0.64461	0.12596	1	0	0	0	1	0	0	0	1
6.1741	0.18476	0.64515	0.12692	1	0	0	0	1	0	0	0	1
6.1841	0.18564	0.64553	0.12738	1	0	0	0	1	0	0	0	1
6.1942	0.18595	0.64559	0.12833	1	0	0	0	1	0	0	0	1
6.2042	0.18716	0.64552	0.12813	1	0	0	0	1	0	0	0	1
6.2142	0.18842	0.64541	0.1277	1	0	0	0	1	0	0	0	1
6.2242	0.18899	0.64558	0.12839	1	0	0	0	1	0	0	0	1
6.2342	0.1898	0.64548	0.12847	1	0	0	0	1	0	0	0	1
6.2442	0.19062	0.64517	0.12891	1	0	0	0	1	0	0	0	1
6.2542	0.19151	0.64513	0.12876	1	0	0	0	1	0	0	0	1
6.2642	0.19277	0.6452	0.12881	1	0	0	0	1	0	0	0	1
6.2742	0.19341	0.64513	0.12876	1	0	0	0	1	0	0	0	1
6.2842	0.19381	0.64461	0.12982	1	0	0	0	1	0	0	0	1
6.2942	0.19452	0.6446	0.13017	1	0	0	0	1	0	0	0	1
6.3042	0.19571	0.6446	0.12854	1	0	0	0	1	0	0	0	1
6.3142	0.19653	0.64393	0.12941	1	0	0	0	1	0	0	0	1
6.3242	0.19717	0.64352	0.12935	1	0	0	0	1	0	0	0	1
6.3342	0.19824	0.64279	0.12925	1	0	0	0	1	0	0	0	1
6.3443	0.19925	0.64205	0.12882	1	0	0	0	1	0	0	0	1
6.3543	0.19981	0.6413	0.12909	1	0	0	0	1	0	0	0	1
6.3643	0.20093	0.6406	0.12782	1	0	0	0	1	0	0	0	1
6.3743	0.2019	0.63992	0.12757	1	0	0	0	1	0	0	0	1
6.3843	0.20265	0.63928	0.12722	1	0	0	0	1	0	0	0	1
6.3943	0.20303	0.63857	0.12677	1	0	0	0	1	0	0	0	1
6.4043	0.20332	0.63807	0.12652	1	0	0	0	1	0	0	0	1
6.4143	0.20378	0.6375	0.12593	1	0	0	0	1	0	0	0	1
6.4243	0.20423	0.63676	0.12519	1	0	0	0	1	0	0	0	1
6.4343	0.20443	0.63623	0.1248	1	0	0	0	1	0	0	0	1
6.4443	0.20467	0.63556	0.1239	1	0	0	0	1	0	0	0	1
6.4543	0.20515	0.63454	0.12269	1	0	0	0	1	0	0	0	1
6.4643	0.20539	0.6332	0.12184	1	0	0	0	1	0	0	0	1
6.4743	0.20606	0.63234	0.12039	1	0	0	0	1	0	0	0	1
6.4843	0.20665	0.63086	0.11932	1	0	0	0	1	0	0	0	1
6.4944	0.20616	0.62943	0.11873	1	0	0	0	1	0	0	0	1
6.5044	0.20716	0.6285	0.11698	1	0	0	0	1	0	0	0	1
6.5144	0.20663	0.62729	0.11615	1	0	0	0	1	0	0	0	1
6.5244	0.20654	0.62615	0.11486	1	0	0	0	1	0	0	0	1
6.5344	0.2066	0.6254	0.11317	1	0	0	0	1	0	0	0	1
6.5444	0.20671	0.62449	0.11174	1	0	0	0	1	0	0	0	1
6.5544	0.20635	0.6233	0.11059	1	0	0	0	1	0	0	0	1
6.5644	0.20533	0.62257	0.10937	1	0	0	0	1	0	0	0	1
6.5744	0.20412	0.62136	0.10821	1	0	0	0	1	0	0	0	1
6.5844	0.20399	0.62086	0.10615	1	0	0	0	1	0	0	0	1
6.5944	0.20283	0.6198	0.10452	1	0	0	0	1	0	0	0	1
6.6044	0.20204	0.61883	0.10332	1	0	0	0	1	0	0	0	1
6.6144	0.20088	0.61772	0.10174	1	0	0	0	1	0	0	0	1
6.6244	0.20086	0.61693	0.099966	1	0	0	0	1	0	0	0	1
6.6344	0.19995	0.61627	0.097024	1	0	0	0	1	0	0	0	1
6.6445	0.19987	0.61525	0.095398	1	0	0	0	1	0	0	0	1
6.6545	0.19966	0.61333	0.095351	1	0	0	0	1	0	0	0	1
6.6645	0.19957	0.61238	0.093641	1	0	0	0	1	0	0	0	1
6.6745	0.19911	0.61249	0.090345	1	0	0	0	1	0	0	0	1
6.6845	0.19874	0.61175	0.088801	1	0	0	0	1	0	0	0	1
6.6945	0.19861	0.61097	0.087656	1	0	0	0	1	0	0	0	1
6.7045	0.19877	0.61009	0.086263	1	0	0	0	1	0	0	0	1
6.7145	0.19849	0.60927	0.085481	1	0	0	0	1	0	0	0	1
6.7245	0.19777	0.60877	0.083993	1	0	0	0	1	0	0	0	1
6.7345	0.19677	0.60861	0.081766	1	0	0	0	1	0	0	0	1
6.7445	0.19632	0.60764	0.080581	1	0	0	0	1	0	0	0	1
6.7545	0.19582	0.60731	0.078865	1	0	0	0	1	0	0	0	1
6.7645	0.19536	0.6068	0.077143	1	0	0	0	1	0	0	0	1
6.7745	0.19487	0.60571	0.076276	1	0	0	0	1	0	0	0	1
6.7846	0.19448	0.60494	0.075324	1	0	0	0	1	0	0	0	1
6.7946	0.19449	0.60435	0.073199	1	0	0	0	1	0	0	0	1
6.8046	0.19435	0.60381	0.072324	1	0	0	0	1	0	0	0	1
6.8146	0.19417	0.60379	0.070451	1	0	0	0	1	0	0	0	1
6.8246	0.19385	0.60347	0.069504	1	0	0	0	1	0	0	0	1
6.8346	0.19349	0.60274	0.068611	1	0	0	0	1	0	0	0	1
6.8446	0.19292	0.60209	0.067732	1	0	0	0	1	0	0	0	1
6.8546	0.1923	0.60177	0.066689	1	0	0	0	1	0	0	0	1
6.8646	0.19157	0.60172	0.065063	1	0	0	0	1	0	0	0	1
6.8746	0.19097	0.60107	0.06447	1	0	0	0	1	0	0	0	1
6.8846	0.1903	0.6006	0.062964	1	0	0	0	1	0	0	0	1
6.8946	0.18931	0.60024	0.06184	1	0	0	0	1	0	0	0	1
6.9046	0.18837	0.59991	0.060411	1	0	0	0	1	0	0	0	1
6.9146	0.18705	0.6002	0.058292	1	0	0	0	1	0	0	0	1
6.9246	0.1866	0.59944	0.057849	1	0	0	0	1	0	0	0	1
6.9347	0.18565	0.59921	0.05655	1	0	0	0	1	0	0	0	1
6.9447	0.18462	0.59913	0.054978	1	0	0	0	1	0	0	0	1
6.9547	0.18341	0.59881	0.054413	1	0	0	0	1	0	0	0	1
6.9647	0.18304	0.59887	0.052687	1	0	0	0	1	0	0	0	1
6.9747	0.1824	0.59886	0.051345	1	0	0	0	1	0	0	0	1
6.9847	0.18163	0.59842	0.050848	1	0	0	0	1	0	0	0	1
6.9947	0.18091	0.59752	0.0518	1	0	0	0	1	0	0	0	1
7.0047	0.18031	0.59803	0.049759	1	0	0	0	1	0	0	0	1
7.0147	0.17983	0.598	0.048696	1	0	0	0	1	0	0	0	1
7.0247	0.17926	0.59814	0.047459	1	0	0	0	1	0	0	0	1
7.0347	0.17879	0.59757	0.047488	1	0	0	0	1	0	0	0	1
7.0447	0.1786	0.59713	0.047506	1	0	0	0	1	0	0	0	1
7.0547	0.17738	0.5958	0.047921	1	0	0	0	1	0	0	0	1
7.0647	0.17696	0.59648	0.046064	1	0	0	0	1	0	0	0	1
7.0747	0.1765	0.59658	0.04511	1	0	0	0	1	0	0	0	1
7.0848	0.17521	0.59591	0.045459	1	0	0	0	1	0	0	0	1
7.0948	0.17556	0.59686	0.043372	1	0	0	0	1	0	0	0	1
7.1048	0.17386	0.59515	0.045479	1	0	0	0	1	0	0	0	1
7.1148	0.17318	0.59504	0.044783	1	0	0	0	1	0	0	0	1
7.1248	0.17244	0.59486	0.044779	1	0	0	0	1	0	0	0	1
7.1348	0.17203	0.59506	0.044546	1	0	0	0	1	0	0	0	1
7.1448	0.17168	0.59499	0.044763	1	0	0	0	1	0	0	0	1
7.1548	0.17117	0.59548	0.043706	1	0	0	0	1	0	0	0	1
7.1648	0.17074	0.59548	0.043655	1	0	0	0	1	0	0	0	1
7.1748	0.17028	0.59534	0.043849	1	0	0	0	1	0	0	0	1
7.1848	0.16971	0.59541	0.043849	1	0	0	0	1	0	0	0	1
7.1948	0.16939	0.59524	0.044188	1	0	0	0	1	0	0	0	1
7.2048	0.16969	0.59486	0.045716	1	0	0	0	1	0	0	0	1
7.2148	0.16943	0.59493	0.045727	1	0	0	0	1	0	0	0	1
7.2248	0.16927	0.59497	0.045968	1	0	0	0	1	0	0	0	1
7.2349	0.16897	0.59502	0.046161	1	0	0	0	1	0	0	0	1
7.2449	0.16823	0.59409	0.047714	1	0	0	0	1	0	0	0	1
7.2549	0.16833	0.59462	0.047242	1	0	0	0	1	0	0	0	1
7.2649	0.16836	0.59514	0.04717	1	0	0	0	1	0	0	0	1
7.2749	0.16804	0.59476	0.047966	1	0	0	0	1	0	0	0	1
7.2849	0.16805	0.59532	0.048163	1	0	0	0	1	0	0	0	1
7.2949	0.16779	0.59543	0.048597	1	0	0	0	1	0	0	0	1
7.3049	0.16733	0.59497	0.049392	1	0	0	0	1	0	0	0	1
7.3149	0.16722	0.59554	0.04958	1	0	0	0	1	0	0	0	1
7.3249	0.16669	0.59574	0.050265	1	0	0	0	1	0	0	0	1
7.3349	0.16628	0.59614	0.050475	1	0	0	0	1	0	0	0	1
7.3449	0.16509	0.59776	0.048328	1	0	0	0	1	0	0	0	1
7.3549	0.16461	0.59574	0.052742	1	0	0	0	1	0	0	0	1
7.3649	0.16384	0.59663	0.05272	1	0	0	0	1	0	0	0	1
7.3749	0.16293	0.59683	0.053175	1	0	0	0	1	0	0	0	1
7.385	0.16253	0.59727	0.053465	1	0	0	0	1	0	0	0	1
7.395	0.16189	0.59763	0.054445	1	0	0	0	1	0	0	0	1
7.405	0.16154	0.59819	0.055421	1	0	0	0	1	0	0	0	1
7.415	0.16115	0.59839	0.056316	1	0	0	0	1	0	0	0	1
7.425	0.1605	0.5988	0.057099	1	0	0	0	1	0	0	0	1
7.435	0.15986	0.59926	0.058148	1	0	0	0	1	0	0	0	1
7.445	0.15955	0.59954	0.05901	1	0	0	0	1	0	0	0	1
7.455	0.15907	0.60009	0.060084	1	0	0	0	1	0	0	0	1
