0	0.21272	0.75438	0.4119	1	0	0	0	1	0	0	0	1
0.010007	0.21286	0.75318	0.41144	1	0	0	0	1	0	0	0	1
0.020013	0.21301	0.75195	0.41118	1	0	0	0	1	0	0	0	1
0.03002	0.21321	0.75084	0.41075	1	0	0	0	1	0	0	0	1
0.040027	0.21355	0.7494	0.41039	1	0	0	0	1	0	0	0	1
0.050034	0.21356	0.748	0.4104	1	0	0	0	1	0	0	0	1
0.06004	0.21368	0.74666	0.41003	1	0	0	0	1	0	0	0	1
0.070047	0.21367	0.74527	0.40987	1	0	0	0	1	0	0	0	1
0.080054	0.21323	0.7444	0.40986	1	0	0	0	1	0	0	0	1
0.09006	0.21251	0.74366	0.41017	1	0	0	0	1	0	0	0	1
0.10007	0.21219	0.7428	0.41019	1	0	0	0	1	0	0	0	1
0.11007	0.21164	0.74211	0.41008	1	0	0	0	1	0	0	0	1
0.12008	0.21063	0.74143	0.4103	1	0	0	0	1	0	0	0	1
0.13009	0.20935	0.74126	0.41067	1	0	0	0	1	0	0	0	1
0.14009	0.20832	0.74068	0.41053	1	0	0	0	1	0	0	0	1
0.1501	0.20699	0.74022	0.41075	1	0	0	0	1	0	0	0	1
0.16011	0.20549	0.74022	0.41127	1	0	0	0	1	0	0	0	1
0.17011	0.20378	0.7401	0.41143	1	0	0	0	1	0	0	0	1
0.18012	0.20233	0.73975	0.41164	1	0	0	0	1	0	0	0	1
0.19013	0.20085	0.7398	0.41198	1	0	0	0	1	0	0	0	1
0.20013	0.1989	0.73986	0.41229	1	0	0	0	1	0	0	0	1
0.21014	0.19743	0.74001	0.41257	1	0	0	0	1	0	0	0	1
0.22015	0.19552	0.74017	0.41298	1	0	0	0	1	0	0	0	1
0.23015	0.19375	0.74035	0.41312	1	0	0	0	1	0	0	0	1
0.24016	0.19208	0.74077	0.41353	1	0	0	0	1	0	0	0	1
0.25017	0.19046	0.74116	0.41357	1	0	0	0	1	0	0	0	1
0.26017	0.1889	0.74158	0.41393	1	0	0	0	1	0	0	0	1
0.27018	0.18769	0.74184	0.41382	1	0	0	0	1	0	0	0	1
0.28019	0.18621	0.74246	0.41397	1	0	0	0	1	0	0	0	1
0.29019	0.18491	0.74309	0.41454	1	0	0	0	1	0	0	0	1
0.3002	0.18387	0.74334	0.41436	1	0	0	0	1	0	0	0	1
0.31021	0.1827	0.74404	0.41454	1	0	0	0	1	0	0	0	1
0.32021	0.18183	0.74473	0.41479	1	0	0	0	1	0	0	0	1
0.33022	0.18111	0.74531	0.41494	1	0	0	0	1	0	0	0	1
0.34023	0.18026	0.74631	0.4151	1	0	0	0	1	0	0	0	1
0.35023	0.17961	0.74743	0.41541	1	0	0	0	1	0	0	0	1
0.36024	0.17909	0.74848	0.41551	1	0	0	0	1	0	0	0	1
0.37025	0.17863	0.7497	0.41584	1	0	0	0	1	0	0	0	1
0.38026	0.17798	0.75103	0.41606	1	0	0	0	1	0	0	0	1
0.39026	0.17758	0.75213	0.41604	1	0	0	0	1	0	0	0	1
0.40027	0.17712	0.75332	0.41645	1	0	0	0	1	0	0	0	1
0.41028	0.17695	0.75468	0.41667	1	0	0	0	1	0	0	0	1
0.42028	0.17684	0.75585	0.41678	1	0	0	0	1	0	0	0	1
0.43029	0.17648	0.75728	0.41687	1	0	0	0	1	0	0	0	1
0.4403	0.1761	0.75874	0.41692	1	0	0	0	1	0	0	0	1
0.4503	0.17562	0.76009	0.41745	1	0	0	0	1	0	0	0	1
0.46031	0.17519	0.76166	0.4177	1	0	0	0	1	0	0	0	1
0.47032	0.1747	0.76336	0.41793	1	0	0	0	1	0	0	0	1
0.48032	0.17416	0.76515	0.41816	1	0	0	0	1	0	0	0	1
0.49033	0.17356	0.76676	0.41872	1	0	0	0	1	0	0	0	1
0.50034	0.17283	0.76866	0.41901	1	0	0	0	1	0	0	0	1
0.51034	0.1722	0.77042	0.41934	1	0	0	0	1	0	0	0	1
0.52035	0.17189	0.77224	0.4194	1	0	0	0	1	0	0	0	1
0.53036	0.17132	0.77386	0.41985	1	0	0	0	1	0	0	0	1
0.54036	0.17066	0.77551	0.41973	1	0	0	0	1	0	0	0	1
0.55037	0.17017	0.77701	0.42011	1	0	0	0	1	0	0	0	1
0.56038	0.16994	0.77875	0.42017	1	0	0	0	1	0	0	0	1
0.57038	0.1695	0.78056	0.42026	1	0	0	0	1	0	0	0	1
0.58039	0.16935	0.78236	0.42048	1	0	0	0	1	0	0	0	1
0.5904	0.16963	0.78419	0.42034	1	0	0	0	1	0	0	0	1
0.6004	0.16961	0.786	0.42052	1	0	0	0	1	0	0	0	1
0.61041	0.16983	0.78785	0.42027	1	0	0	0	1	0	0	0	1
0.62042	0.16984	0.78979	0.42042	1	0	0	0	1	0	0	0	1
0.63042	0.17024	0.79155	0.42062	1	0	0	0	1	0	0	0	1
0.64043	0.17085	0.79305	0.42016	1	0	0	0	1	0	0	0	1
0.65044	0.17124	0.7949	0.42014	1	0	0	0	1	0	0	0	1
0.66044	0.17181	0.79658	0.42034	1	0	0	0	1	0	0	0	1
0.67045	0.17268	0.79849	0.42022	1	0	0	0	1	0	0	0	1
0.68046	0.17342	0.80022	0.42009	1	0	0	0	1	0	0	0	1
0.69046	0.17438	0.80223	0.42025	1	0	0	0	1	0	0	0	1
0.70047	0.17551	0.80358	0.41965	1	0	0	0	1	0	0	0	1
0.71048	0.17655	0.80495	0.41942	1	0	0	0	1	0	0	0	1
0.72048	0.17792	0.80663	0.41902	1	0	0	0	1	0	0	0	1
0.73049	0.17913	0.80773	0.41875	1	0	0	0	1	0	0	0	1
0.7405	0.18061	0.80916	0.41827	1	0	0	0	1	0	0	0	1
0.7505	0.18228	0.81044	0.41801	1	0	0	0	1	0	0	0	1
0.76051	0.18406	0.8117	0.41788	1	0	0	0	1	0	0	0	1
0.77052	0.1858	0.81333	0.4177	1	0	0	0	1	0	0	0	1
0.78052	0.1877	0.81489	0.41727	1	0	0	0	1	0	0	0	1
0.79053	0.18944	0.81649	0.41715	1	0	0	0	1	0	0	0	1
0.80054	0.19132	0.8177	0.417	1	0	0	0	1	0	0	0	1
0.81054	0.19308	0.81923	0.41694	1	0	0	0	1	0	0	0	1
0.82055	0.19508	0.82026	0.41629	1	0	0	0	1	0	0	0	1
0.83056	0.19672	0.82132	0.41627	1	0	0	0	1	0	0	0	1
0.84056	0.19883	0.82194	0.41568	1	0	0	0	1	0	0	0	1
0.85057	0.20061	0.8229	0.41558	1	0	0	0	1	0	0	0	1
0.86058	0.20245	0.82346	0.41511	1	0	0	0	1	0	0	0	1
0.87058	0.2043	0.82452	0.41527	1	0	0	0	1	0	0	0	1
0.88059	0.20636	0.82511	0.41472	1	0	0	0	1	0	0	0	1
0.8906	0.20801	0.82588	0.41486	1	0	0	0	1	0	0	0	1
0.9006	0.2101	0.82643	0.41455	1	0	0	0	1	0	0	0	1
0.91061	0.21148	0.82709	0.41449	1	0	0	0	1	0	0	0	1
0.92062	0.21311	0.82787	0.41432	1	0	0	0	1	0	0	0	1
0.93062	0.21475	0.82805	0.41396	1	0	0	0	1	0	0	0	1
0.94063	0.21628	0.82849	0.414	1	0	0	0	1	0	0	0	1
0.95064	0.21788	0.82847	0.41353	1	0	0	0	1	0	0	0	1
0.96064	0.2195	0.82833	0.41328	1	0	0	0	1	0	0	0	1
0.97065	0.22105	0.82863	0.41325	1	0	0	0	1	0	0	0	1
0.98066	0.22254	0.82837	0.41276	1	0	0	0	1	0	0	0	1
0.99066	0.22427	0.82837	0.41264	1	0	0	0	1	0	0	0	1
1.0007	0.22586	0.82868	0.41269	1	0	0	0	1	0	0	0	1
1.0107	0.22749	0.82843	0.41211	1	0	0	0	1	0	0	0	1
1.0207	0.22955	0.82829	0.41186	1	0	0	0	1	0	0	0	1
1.0307	0.23108	0.82821	0.41163	1	0	0	0	1	0	0	0	1
1.0407	0.2332	0.82736	0.41104	1	0	0	0	1	0	0	0	1
1.0507	0.23487	0.82707	0.41084	1	0	0	0	1	0	0	0	1
1.0607	0.23659	0.82603	0.41034	1	0	0	0	1	0	0	0	1
1.0707	0.23835	0.82508	0.41007	1	0	0	0	1	0	0	0	1
1.0807	0.23996	0.82419	0.40973	1	0	0	0	1	0	0	0	1
1.0907	0.24167	0.82351	0.40958	1	0	0	0	1	0	0	0	1
1.1007	0.24392	0.82252	0.40899	1	0	0	0	1	0	0	0	1
1.1107	0.24561	0.82188	0.409	1	0	0	0	1	0	0	0	1
1.1208	0.2473	0.82108	0.40884	1	0	0	0	1	0	0	0	1
1.1308	0.2493	0.82023	0.40843	1	0	0	0	1	0	0	0	1
1.1408	0.25128	0.81935	0.40836	1	0	0	0	1	0	0	0	1
1.1508	0.25324	0.81819	0.40811	1	0	0	0	1	0	0	0	1
1.1608	0.25512	0.81661	0.40773	1	0	0	0	1	0	0	0	1
1.1708	0.25692	0.815	0.40708	1	0	0	0	1	0	0	0	1
1.1808	0.25896	0.81339	0.40685	1	0	0	0	1	0	0	0	1
1.1908	0.26093	0.81157	0.4064	1	0	0	0	1	0	0	0	1
1.2008	0.26306	0.80964	0.40572	1	0	0	0	1	0	0	0	1
1.2108	0.26496	0.80823	0.40563	1	0	0	0	1	0	0	0	1
1.2208	0.26686	0.80663	0.40529	1	0	0	0	1	0	0	0	1
1.2308	0.26895	0.80487	0.40467	1	0	0	0	1	0	0	0	1
1.2408	0.27074	0.80327	0.4042	1	0	0	0	1	0	0	0	1
1.2508	0.27221	0.80168	0.40397	1	0	0	0	1	0	0	0	1
1.2608	0.27362	0.79972	0.40353	1	0	0	0	1	0	0	0	1
1.2709	0.27474	0.79783	0.4032	1	0	0	0	1	0	0	0	1
1.2809	0.27575	0.79603	0.40275	1	0	0	0	1	0	0	0	1
1.2909	0.27679	0.79422	0.40247	1	0	0	0	1	0	0	0	1
1.3009	0.27734	0.79246	0.40196	1	0	0	0	1	0	0	0	1
1.3109	0.27777	0.79096	0.40177	1	0	0	0	1	0	0	0	1
1.3209	0.27796	0.78975	0.40179	1	0	0	0	1	0	0	0	1
1.3309	0.27826	0.78844	0.40145	1	0	0	0	1	0	0	0	1
1.3409	0.27807	0.7875	0.40122	1	0	0	0	1	0	0	0	1
1.3509	0.27763	0.78636	0.40094	1	0	0	0	1	0	0	0	1
1.3609	0.27698	0.78537	0.40093	1	0	0	0	1	0	0	0	1
1.3709	0.27611	0.78443	0.40088	1	0	0	0	1	0	0	0	1
1.3809	0.27502	0.78356	0.40097	1	0	0	0	1	0	0	0	1
1.3909	0.27398	0.78272	0.40085	1	0	0	0	1	0	0	0	1
1.4009	0.27305	0.78196	0.40084	1	0	0	0	1	0	0	0	1
1.4109	0.27172	0.78138	0.40119	1	0	0	0	1	0	0	0	1
1.421	0.27072	0.78096	0.40124	1	0	0	0	1	0	0	0	1
1.431	0.26956	0.78026	0.40094	1	0	0	0	1	0	0	0	1
1.441	0.26793	0.77968	0.40113	1	0	0	0	1	0	0	0	1
1.451	0.26669	0.77919	0.40117	1	0	0	0	1	0	0	0	1
1.461	0.2653	0.77807	0.40087	1	0	0	0	1	0	0	0	1
1.471	0.2635	0.77742	0.40088	1	0	0	0	1	0	0	0	1
1.481	0.26202	0.77614	0.40064	1	0	0	0	1	0	0	0	1
1.491	0.26078	0.77523	0.40038	1	0	0	0	1	0	0	0	1
1.501	0.25919	0.77433	0.40046	1	0	0	0	1	0	0	0	1
1.511	0.2578	0.77357	0.40015	1	0	0	0	1	0	0	0	1
1.521	0.25638	0.77268	0.40021	1	0	0	0	1	0	0	0	1
1.531	0.255	0.77221	0.40045	1	0	0	0	1	0	0	0	1
1.541	0.25336	0.77155	0.40027	1	0	0	0	1	0	0	0	1
1.551	0.25199	0.77085	0.4001	1	0	0	0	1	0	0	0	1
1.561	0.25017	0.77036	0.40058	1	0	0	0	1	0	0	0	1
1.5711	0.24888	0.76972	0.40055	1	0	0	0	1	0	0	0	1
1.5811	0.24729	0.76897	0.40053	1	0	0	0	1	0	0	0	1
1.5911	0.24584	0.76867	0.40081	1	0	0	0	1	0	0	0	1
1.6011	0.24476	0.76794	0.40064	1	0	0	0	1	0	0	0	1
1.6111	0.24336	0.76739	0.40099	1	0	0	0	1	0	0	0	1
1.6211	0.24199	0.76716	0.40113	1	0	0	0	1	0	0	0	1
1.6311	0.24061	0.76669	0.40131	1	0	0	0	1	0	0	0	1
1.6411	0.23933	0.76629	0.40156	1	0	0	0	1	0	0	0	1
1.6511	0.23787	0.76612	0.40191	1	0	0	0	1	0	0	0	1
1.6611	0.23653	0.76558	0.4018	1	0	0	0	1	0	0	0	1
1.6711	0.23525	0.76527	0.40186	1	0	0	0	1	0	0	0	1
1.6811	0.23379	0.76487	0.40216	1	0	0	0	1	0	0	0	1
1.6911	0.23247	0.76472	0.40217	1	0	0	0	1	0	0	0	1
1.7011	0.23102	0.76463	0.40216	1	0	0	0	1	0	0	0	1
1.7111	0.22931	0.76428	0.40259	1	0	0	0	1	0	0	0	1
1.7212	0.22826	0.76388	0.40235	1	0	0	0	1	0	0	0	1
1.7312	0.2268	0.76371	0.40233	1	0	0	0	1	0	0	0	1
1.7412	0.22529	0.76362	0.40289	1	0	0	0	1	0	0	0	1
1.7512	0.22409	0.76359	0.40296	1	0	0	0	1	0	0	0	1
1.7612	0.22291	0.76349	0.40292	1	0	0	0	1	0	0	0	1
1.7712	0.22177	0.76347	0.40306	1	0	0	0	1	0	0	0	1
1.7812	0.22023	0.76375	0.40356	1	0	0	0	1	0	0	0	1
1.7912	0.21903	0.76404	0.40362	1	0	0	0	1	0	0	0	1
1.8012	0.21783	0.76407	0.40345	1	0	0	0	1	0	0	0	1
1.8112	0.21625	0.76408	0.40386	1	0	0	0	1	0	0	0	1
1.8212	0.21495	0.76443	0.40417	1	0	0	0	1	0	0	0	1
1.8312	0.21365	0.7645	0.40393	1	0	0	0	1	0	0	0	1
1.8412	0.21255	0.76465	0.40398	1	0	0	0	1	0	0	0	1
1.8512	0.21115	0.76487	0.40432	1	0	0	0	1	0	0	0	1
1.8612	0.20958	0.76539	0.40473	1	0	0	0	1	0	0	0	1
1.8713	0.20856	0.76544	0.40457	1	0	0	0	1	0	0	0	1
1.8813	0.20739	0.76587	0.40469	1	0	0	0	1	0	0	0	1
1.8913	0.20577	0.76628	0.40497	1	0	0	0	1	0	0	0	1
1.9013	0.20445	0.76653	0.40528	1	0	0	0	1	0	0	0	1
1.9113	0.2032	0.76713	0.40548	1	0	0	0	1	0	0	0	1
1.9213	0.20182	0.76761	0.40546	1	0	0	0	1	0	0	0	1
1.9313	0.20076	0.768	0.40558	1	0	0	0	1	0	0	0	1
1.9413	0.19922	0.76852	0.40626	1	0	0	0	1	0	0	0	1
1.9513	0.19774	0.76907	0.40634	1	0	0	0	1	0	0	0	1
1.9613	0.19662	0.76945	0.40645	1	0	0	0	1	0	0	0	1
1.9713	0.19531	0.77011	0.40675	1	0	0	0	1	0	0	0	1
1.9813	0.19383	0.77079	0.40693	1	0	0	0	1	0	0	0	1
1.9913	0.19253	0.77119	0.40727	1	0	0	0	1	0	0	0	1
2.0013	0.19114	0.77162	0.40746	1	0	0	0	1	0	0	0	1
2.0113	0.18989	0.77201	0.40736	1	0	0	0	1	0	0	0	1
2.0214	0.18867	0.77262	0.40778	1	0	0	0	1	0	0	0	1
2.0314	0.18727	0.77333	0.40808	1	0	0	0	1	0	0	0	1
2.0414	0.18615	0.77378	0.4079	1	0	0	0	1	0	0	0	1
2.0514	0.18505	0.77442	0.40813	1	0	0	0	1	0	0	0	1
2.0614	0.18393	0.77492	0.40837	1	0	0	0	1	0	0	0	1
2.0714	0.18263	0.77558	0.40853	1	0	0	0	1	0	0	0	1
2.0814	0.18141	0.7765	0.40896	1	0	0	0	1	0	0	0	1
2.0914	0.18045	0.77718	0.40877	1	0	0	0	1	0	0	0	1
2.1014	0.17941	0.778	0.40888	1	0	0	0	1	0	0	0	1
2.1114	0.1787	0.77884	0.40917	1	0	0	0	1	0	0	0	1
2.1214	0.17817	0.7796	0.409	1	0	0	0	1	0	0	0	1
2.1314	0.17752	0.78067	0.4091	1	0	0	0	1	0	0	0	1
2.1414	0.17731	0.78179	0.40928	1	0	0	0	1	0	0	0	1
2.1514	0.17749	0.78296	0.40914	1	0	0	0	1	0	0	0	1
2.1614	0.17769	0.78382	0.4091	1	0	0	0	1	0	0	0	1
2.1715	0.17775	0.78485	0.40906	1	0	0	0	1	0	0	0	1
2.1815	0.17785	0.78588	0.40891	1	0	0	0	1	0	0	0	1
2.1915	0.17809	0.78673	0.40869	1	0	0	0	1	0	0	0	1
2.2015	0.1782	0.78773	0.40855	1	0	0	0	1	0	0	0	1
2.2115	0.17826	0.78884	0.40856	1	0	0	0	1	0	0	0	1
2.2215	0.17872	0.79033	0.4086	1	0	0	0	1	0	0	0	1
2.2315	0.17925	0.79178	0.40842	1	0	0	0	1	0	0	0	1
2.2415	0.17987	0.79324	0.40835	1	0	0	0	1	0	0	0	1
2.2515	0.18036	0.79479	0.40834	1	0	0	0	1	0	0	0	1
2.2615	0.18071	0.79652	0.40846	1	0	0	0	1	0	0	0	1
2.2715	0.18122	0.79777	0.40817	1	0	0	0	1	0	0	0	1
2.2815	0.18117	0.79901	0.40802	1	0	0	0	1	0	0	0	1
2.2915	0.18092	0.80035	0.40795	1	0	0	0	1	0	0	0	1
2.3015	0.18081	0.80165	0.40775	1	0	0	0	1	0	0	0	1
2.3116	0.18069	0.80284	0.40785	1	0	0	0	1	0	0	0	1
2.3216	0.18056	0.80423	0.40777	1	0	0	0	1	0	0	0	1
2.3316	0.18078	0.80565	0.40738	1	0	0	0	1	0	0	0	1
2.3416	0.18075	0.80689	0.40706	1	0	0	0	1	0	0	0	1
2.3516	0.18051	0.80835	0.40734	1	0	0	0	1	0	0	0	1
2.3616	0.18057	0.80972	0.40729	1	0	0	0	1	0	0	0	1
2.3716	0.18062	0.81082	0.40716	1	0	0	0	1	0	0	0	1
2.3816	0.18039	0.81229	0.40747	1	0	0	0	1	0	0	0	1
2.3916	0.1802	0.81346	0.40757	1	0	0	0	1	0	0	0	1
2.4016	0.18037	0.81473	0.40719	1	0	0	0	1	0	0	0	1
2.4116	0.18032	0.81606	0.40709	1	0	0	0	1	0	0	0	1
2.4216	0.18046	0.81717	0.40722	1	0	0	0	1	0	0	0	1
2.4316	0.18077	0.81841	0.40707	1	0	0	0	1	0	0	0	1
2.4416	0.18114	0.81924	0.4071	1	0	0	0	1	0	0	0	1
2.4516	0.18158	0.82004	0.40685	1	0	0	0	1	0	0	0	1
2.4617	0.18231	0.82078	0.40641	1	0	0	0	1	0	0	0	1
2.4717	0.18302	0.82131	0.4061	1	0	0	0	1	0	0	0	1
2.4817	0.18371	0.82169	0.40599	1	0	0	0	1	0	0	0	1
2.4917	0.18481	0.82232	0.40559	1	0	0	0	1	0	0	0	1
2.5017	0.18603	0.82299	0.4052	1	0	0	0	1	0	0	0	1
2.5117	0.18738	0.8236	0.40541	1	0	0	0	1	0	0	0	1
2.5217	0.18897	0.82448	0.40524	1	0	0	0	1	0	0	0	1
2.5317	0.19024	0.82519	0.40492	1	0	0	0	1	0	0	0	1
2.5417	0.19164	0.82602	0.40473	1	0	0	0	1	0	0	0	1
2.5517	0.19341	0.82629	0.40451	1	0	0	0	1	0	0	0	1
2.5617	0.19512	0.82662	0.40427	1	0	0	0	1	0	0	0	1
2.5717	0.19684	0.82679	0.40382	1	0	0	0	1	0	0	0	1
2.5817	0.19876	0.82716	0.40368	1	0	0	0	1	0	0	0	1
2.5917	0.2002	0.8274	0.40353	1	0	0	0	1	0	0	0	1
2.6017	0.2022	0.8276	0.40298	1	0	0	0	1	0	0	0	1
2.6118	0.20376	0.82786	0.40319	1	0	0	0	1	0	0	0	1
2.6218	0.20545	0.8282	0.40284	1	0	0	0	1	0	0	0	1
2.6318	0.20681	0.82852	0.40272	1	0	0	0	1	0	0	0	1
2.6418	0.20827	0.82873	0.40286	1	0	0	0	1	0	0	0	1
2.6518	0.20983	0.82898	0.40255	1	0	0	0	1	0	0	0	1
2.6618	0.21108	0.82901	0.40225	1	0	0	0	1	0	0	0	1
2.6718	0.21236	0.82916	0.40255	1	0	0	0	1	0	0	0	1
2.6818	0.21369	0.82953	0.40259	1	0	0	0	1	0	0	0	1
2.6918	0.21502	0.82928	0.4021	1	0	0	0	1	0	0	0	1
2.7018	0.21625	0.82919	0.40215	1	0	0	0	1	0	0	0	1
2.7118	0.21743	0.82927	0.40226	1	0	0	0	1	0	0	0	1
2.7218	0.21855	0.82938	0.40221	1	0	0	0	1	0	0	0	1
2.7318	0.21977	0.82899	0.40191	1	0	0	0	1	0	0	0	1
2.7418	0.22117	0.82858	0.40175	1	0	0	0	1	0	0	0	1
2.7518	0.22213	0.82842	0.40179	1	0	0	0	1	0	0	0	1
2.7619	0.22325	0.82836	0.40185	1	0	0	0	1	0	0	0	1
2.7719	0.22455	0.82772	0.40162	1	0	0	0	1	0	0	0	1
2.7819	0.22576	0.82715	0.40129	1	0	0	0	1	0	0	0	1
2.7919	0.22653	0.82669	0.40105	1	0	0	0	1	0	0	0	1
2.8019	0.22763	0.82607	0.40092	1	0	0	0	1	0	0	0	1
2.8119	0.22873	0.8254	0.40089	1	0	0	0	1	0	0	0	1
2.8219	0.22963	0.82488	0.40078	1	0	0	0	1	0	0	0	1
2.8319	0.23102	0.82408	0.40039	1	0	0	0	1	0	0	0	1
2.8419	0.23237	0.82355	0.40011	1	0	0	0	1	0	0	0	1
2.8519	0.23354	0.82293	0.39977	1	0	0	0	1	0	0	0	1
2.8619	0.23472	0.82202	0.39968	1	0	0	0	1	0	0	0	1
2.8719	0.23587	0.82131	0.39965	1	0	0	0	1	0	0	0	1
2.8819	0.23711	0.82023	0.39899	1	0	0	0	1	0	0	0	1
2.8919	0.23845	0.81941	0.39857	1	0	0	0	1	0	0	0	1
2.9019	0.23962	0.81832	0.39816	1	0	0	0	1	0	0	0	1
2.912	0.2407	0.81731	0.39778	1	0	0	0	1	0	0	0	1
2.922	0.24209	0.81573	0.39712	1	0	0	0	1	0	0	0	1
2.932	0.24321	0.81434	0.39639	1	0	0	0	1	0	0	0	1
2.942	0.24444	0.81282	0.39581	1	0	0	0	1	0	0	0	1
2.952	0.24565	0.81137	0.39543	1	0	0	0	1	0	0	0	1
2.962	0.24665	0.81008	0.39504	1	0	0	0	1	0	0	0	1
2.972	0.24783	0.80902	0.39475	1	0	0	0	1	0	0	0	1
2.982	0.24897	0.80797	0.39435	1	0	0	0	1	0	0	0	1
2.992	0.24995	0.80689	0.39386	1	0	0	0	1	0	0	0	1
3.002	0.25083	0.80586	0.39333	1	0	0	0	1	0	0	0	1
3.012	0.25146	0.80502	0.39319	1	0	0	0	1	0	0	0	1
3.022	0.25205	0.80414	0.39304	1	0	0	0	1	0	0	0	1
3.032	0.25251	0.80286	0.3927	1	0	0	0	1	0	0	0	1
3.042	0.25271	0.8018	0.39229	1	0	0	0	1	0	0	0	1
3.052	0.2528	0.80091	0.39211	1	0	0	0	1	0	0	0	1
3.0621	0.25283	0.79957	0.3919	1	0	0	0	1	0	0	0	1
3.0721	0.25274	0.79855	0.39179	1	0	0	0	1	0	0	0	1
3.0821	0.25249	0.79798	0.39179	1	0	0	0	1	0	0	0	1
3.0921	0.25207	0.79734	0.39193	1	0	0	0	1	0	0	0	1
3.1021	0.25155	0.7965	0.39181	1	0	0	0	1	0	0	0	1
3.1121	0.25072	0.79559	0.39167	1	0	0	0	1	0	0	0	1
3.1221	0.25	0.79475	0.39133	1	0	0	0	1	0	0	0	1
3.1321	0.24902	0.79359	0.39128	1	0	0	0	1	0	0	0	1
3.1421	0.24792	0.79274	0.39151	1	0	0	0	1	0	0	0	1
3.1521	0.2469	0.79151	0.39104	1	0	0	0	1	0	0	0	1
3.1621	0.24573	0.79051	0.3908	1	0	0	0	1	0	0	0	1
3.1721	0.24435	0.78971	0.39081	1	0	0	0	1	0	0	0	1
3.1821	0.24295	0.78881	0.39092	1	0	0	0	1	0	0	0	1
3.1921	0.24178	0.7879	0.39068	1	0	0	0	1	0	0	0	1
3.2021	0.23988	0.78727	0.3909	1	0	0	0	1	0	0	0	1
3.2122	0.23849	0.78644	0.39054	1	0	0	0	1	0	0	0	1
3.2222	0.23689	0.7855	0.39067	1	0	0	0	1	0	0	0	1
3.2322	0.2354	0.78479	0.39078	1	0	0	0	1	0	0	0	1
3.2422	0.23383	0.78381	0.39042	1	0	0	0	1	0	0	0	1
3.2522	0.23237	0.78327	0.39064	1	0	0	0	1	0	0	0	1
3.2622	0.23072	0.78246	0.39086	1	0	0	0	1	0	0	0	1
3.2722	0.22913	0.78184	0.39092	1	0	0	0	1	0	0	0	1
3.2822	0.22729	0.78117	0.39119	1	0	0	0	1	0	0	0	1
3.2922	0.22595	0.7805	0.39099	1	0	0	0	1	0	0	0	1
3.3022	0.2243	0.7798	0.39132	1	0	0	0	1	0	0	0	1
3.3122	0.22281	0.77911	0.39128	1	0	0	0	1	0	0	0	1
3.3222	0.22137	0.77839	0.39132	1	0	0	0	1	0	0	0	1
3.3322	0.2201	0.77794	0.39156	1	0	0	0	1	0	0	0	1
3.3422	0.21869	0.77736	0.39188	1	0	0	0	1	0	0	0	1
3.3522	0.21753	0.77689	0.39184	1	0	0	0	1	0	0	0	1
3.3623	0.21616	0.77648	0.3922	1	0	0	0	1	0	0	0	1
3.3723	0.21495	0.77581	0.39231	1	0	0	0	1	0	0	0	1
3.3823	0.2141	0.77528	0.39232	1	0	0	0	1	0	0	0	1
3.3923	0.21289	0.77471	0.39243	1	0	0	0	1	0	0	0	1
3.4023	0.21164	0.77424	0.39263	1	0	0	0	1	0	0	0	1
3.4123	0.21068	0.77371	0.39231	1	0	0	0	1	0	0	0	1
3.4223	0.20956	0.7732	0.39245	1	0	0	0	1	0	0	0	1
3.4323	0.20846	0.77275	0.39281	1	0	0	0	1	0	0	0	1
3.4423	0.20743	0.77251	0.3929	1	0	0	0	1	0	0	0	1
3.4523	0.20613	0.77229	0.39307	1	0	0	0	1	0	0	0	1
3.4623	0.20499	0.77211	0.39315	1	0	0	0	1	0	0	0	1
3.4723	0.20398	0.77213	0.39341	1	0	0	0	1	0	0	0	1
3.4823	0.20296	0.77204	0.39357	1	0	0	0	1	0	0	0	1
3.4923	0.20176	0.77202	0.39374	1	0	0	0	1	0	0	0	1
3.5023	0.20047	0.77213	0.39387	1	0	0	0	1	0	0	0	1
3.5124	0.19919	0.77251	0.3943	1	0	0	0	1	0	0	0	1
3.5224	0.19796	0.77255	0.39436	1	0	0	0	1	0	0	0	1
3.5324	0.19643	0.77274	0.39454	1	0	0	0	1	0	0	0	1
3.5424	0.19498	0.77309	0.39473	1	0	0	0	1	0	0	0	1
3.5524	0.19365	0.77336	0.39496	1	0	0	0	1	0	0	0	1
3.5624	0.19205	0.77387	0.39513	1	0	0	0	1	0	0	0	1
3.5724	0.19065	0.774	0.3951	1	0	0	0	1	0	0	0	1
3.5824	0.18923	0.77439	0.39535	1	0	0	0	1	0	0	0	1
3.5924	0.1878	0.77501	0.3956	1	0	0	0	1	0	0	0	1
3.6024	0.1866	0.77531	0.39574	1	0	0	0	1	0	0	0	1
3.6124	0.18507	0.77572	0.39607	1	0	0	0	1	0	0	0	1
3.6224	0.1835	0.77637	0.3965	1	0	0	0	1	0	0	0	1
3.6324	0.18193	0.77706	0.39675	1	0	0	0	1	0	0	0	1
3.6424	0.18045	0.77793	0.3968	1	0	0	0	1	0	0	0	1
3.6524	0.17902	0.7785	0.39703	1	0	0	0	1	0	0	0	1
3.6625	0.17737	0.7794	0.39756	1	0	0	0	1	0	0	0	1
3.6725	0.17596	0.78022	0.39787	1	0	0	0	1	0	0	0	1
3.6825	0.17451	0.781	0.39788	1	0	0	0	1	0	0	0	1
3.6925	0.17306	0.78178	0.39809	1	0	0	0	1	0	0	0	1
3.7025	0.17155	0.78247	0.39857	1	0	0	0	1	0	0	0	1
3.7125	0.16991	0.7834	0.39903	1	0	0	0	1	0	0	0	1
3.7225	0.16874	0.78413	0.39926	1	0	0	0	1	0	0	0	1
3.7325	0.16729	0.78521	0.39966	1	0	0	0	1	0	0	0	1
3.7425	0.16578	0.78631	0.40035	1	0	0	0	1	0	0	0	1
3.7525	0.16422	0.78779	0.40091	1	0	0	0	1	0	0	0	1
3.7625	0.16273	0.78897	0.40095	1	0	0	0	1	0	0	0	1
3.7725	0.16143	0.79003	0.40143	1	0	0	0	1	0	0	0	1
3.7825	0.15993	0.79139	0.40164	1	0	0	0	1	0	0	0	1
3.7925	0.15862	0.79264	0.4023	1	0	0	0	1	0	0	0	1
3.8026	0.15718	0.79389	0.40259	1	0	0	0	1	0	0	0	1
3.8126	0.15599	0.7949	0.40273	1	0	0	0	1	0	0	0	1
3.8226	0.15474	0.79611	0.40309	1	0	0	0	1	0	0	0	1
3.8326	0.15352	0.79736	0.40333	1	0	0	0	1	0	0	0	1
3.8426	0.15216	0.7989	0.40396	1	0	0	0	1	0	0	0	1
3.8526	0.15105	0.80008	0.40425	1	0	0	0	1	0	0	0	1
3.8626	0.14997	0.80163	0.40457	1	0	0	0	1	0	0	0	1
3.8726	0.14924	0.80286	0.40492	1	0	0	0	1	0	0	0	1
3.8826	0.14832	0.8044	0.40516	1	0	0	0	1	0	0	0	1
3.8926	0.14779	0.80564	0.40531	1	0	0	0	1	0	0	0	1
3.9026	0.14705	0.80718	0.4058	1	0	0	0	1	0	0	0	1
3.9126	0.14645	0.80849	0.40578	1	0	0	0	1	0	0	0	1
3.9226	0.14589	0.80993	0.40625	1	0	0	0	1	0	0	0	1
3.9326	0.14575	0.81133	0.40642	1	0	0	0	1	0	0	0	1
3.9426	0.14575	0.81237	0.40649	1	0	0	0	1	0	0	0	1
3.9527	0.14561	0.81365	0.40686	1	0	0	0	1	0	0	0	1
3.9627	0.14558	0.81497	0.40731	1	0	0	0	1	0	0	0	1
3.9727	0.14606	0.81627	0.40725	1	0	0	0	1	0	0	0	1
3.9827	0.14655	0.81742	0.4072	1	0	0	0	1	0	0	0	1
3.9927	0.1469	0.81886	0.40761	1	0	0	0	1	0	0	0	1
4.0027	0.14738	0.8204	0.40794	1	0	0	0	1	0	0	0	1
4.0127	0.14793	0.82176	0.40829	1	0	0	0	1	0	0	0	1
4.0227	0.14876	0.82305	0.40848	1	0	0	0	1	0	0	0	1
4.0327	0.14975	0.82426	0.40847	1	0	0	0	1	0	0	0	1
4.0427	0.15069	0.8254	0.40855	1	0	0	0	1	0	0	0	1
4.0527	0.15149	0.82669	0.4089	1	0	0	0	1	0	0	0	1
4.0627	0.15252	0.82786	0.40892	1	0	0	0	1	0	0	0	1
4.0727	0.15364	0.82916	0.40895	1	0	0	0	1	0	0	0	1
4.0827	0.15473	0.83045	0.40934	1	0	0	0	1	0	0	0	1
4.0927	0.15598	0.83172	0.40947	1	0	0	0	1	0	0	0	1
4.1028	0.15756	0.83275	0.40939	1	0	0	0	1	0	0	0	1
4.1128	0.15872	0.83386	0.40961	1	0	0	0	1	0	0	0	1
4.1228	0.1602	0.835	0.40942	1	0	0	0	1	0	0	0	1
4.1328	0.1617	0.83572	0.40927	1	0	0	0	1	0	0	0	1
4.1428	0.16319	0.83692	0.4097	1	0	0	0	1	0	0	0	1
4.1528	0.16485	0.83765	0.40923	1	0	0	0	1	0	0	0	1
4.1628	0.16631	0.83883	0.40924	1	0	0	0	1	0	0	0	1
4.1728	0.16792	0.83943	0.40918	1	0	0	0	1	0	0	0	1
4.1828	0.16962	0.84025	0.40899	1	0	0	0	1	0	0	0	1
4.1928	0.1711	0.84103	0.40894	1	0	0	0	1	0	0	0	1
4.2028	0.17274	0.84163	0.4084	1	0	0	0	1	0	0	0	1
4.2128	0.17427	0.84226	0.40838	1	0	0	0	1	0	0	0	1
4.2228	0.17605	0.84276	0.4082	1	0	0	0	1	0	0	0	1
4.2328	0.17775	0.84331	0.40788	1	0	0	0	1	0	0	0	1
4.2428	0.17956	0.84372	0.40776	1	0	0	0	1	0	0	0	1
4.2529	0.1815	0.84403	0.40745	1	0	0	0	1	0	0	0	1
4.2629	0.18311	0.84484	0.40774	1	0	0	0	1	0	0	0	1
4.2729	0.18496	0.84545	0.40794	1	0	0	0	1	0	0	0	1
4.2829	0.18662	0.84614	0.40802	1	0	0	0	1	0	0	0	1
4.2929	0.18841	0.84681	0.40811	1	0	0	0	1	0	0	0	1
4.3029	0.19049	0.84708	0.40788	1	0	0	0	1	0	0	0	1
4.3129	0.1924	0.84761	0.40788	1	0	0	0	1	0	0	0	1
4.3229	0.19446	0.84744	0.4078	1	0	0	0	1	0	0	0	1
4.3329	0.19655	0.84687	0.40728	1	0	0	0	1	0	0	0	1
4.3429	0.19864	0.84655	0.40728	1	0	0	0	1	0	0	0	1
4.3529	0.20061	0.84575	0.40683	1	0	0	0	1	0	0	0	1
4.3629	0.20261	0.84529	0.40689	1	0	0	0	1	0	0	0	1
4.3729	0.20476	0.8449	0.40693	1	0	0	0	1	0	0	0	1
4.3829	0.20684	0.84453	0.40678	1	0	0	0	1	0	0	0	1
4.3929	0.20916	0.84436	0.40695	1	0	0	0	1	0	0	0	1
4.403	0.21131	0.84409	0.40687	1	0	0	0	1	0	0	0	1
4.413	0.2137	0.84333	0.40676	1	0	0	0	1	0	0	0	1
4.423	0.21604	0.84274	0.40688	1	0	0	0	1	0	0	0	1
4.433	0.21826	0.8418	0.40652	1	0	0	0	1	0	0	0	1
4.443	0.22038	0.84052	0.40641	1	0	0	0	1	0	0	0	1
4.453	0.22246	0.83945	0.40644	1	0	0	0	1	0	0	0	1
4.463	0.22465	0.83832	0.40593	1	0	0	0	1	0	0	0	1
4.473	0.2269	0.83697	0.40571	1	0	0	0	1	0	0	0	1
4.483	0.22878	0.83572	0.40558	1	0	0	0	1	0	0	0	1
4.493	0.2309	0.83444	0.4054	1	0	0	0	1	0	0	0	1
4.503	0.23314	0.83314	0.40509	1	0	0	0	1	0	0	0	1
4.513	0.23537	0.83203	0.40521	1	0	0	0	1	0	0	0	1
4.523	0.23735	0.83096	0.40512	1	0	0	0	1	0	0	0	1
4.533	0.23949	0.82952	0.40491	1	0	0	0	1	0	0	0	1
4.543	0.24126	0.8283	0.40461	1	0	0	0	1	0	0	0	1
4.5531	0.24296	0.82712	0.40478	1	0	0	0	1	0	0	0	1
4.5631	0.24452	0.82596	0.40465	1	0	0	0	1	0	0	0	1
4.5731	0.24638	0.82447	0.40415	1	0	0	0	1	0	0	0	1
4.5831	0.24785	0.82303	0.40378	1	0	0	0	1	0	0	0	1
4.5931	0.2492	0.82142	0.40343	1	0	0	0	1	0	0	0	1
4.6031	0.25054	0.81992	0.40317	1	0	0	0	1	0	0	0	1
4.6131	0.25183	0.81821	0.40282	1	0	0	0	1	0	0	0	1
4.6231	0.25303	0.81648	0.40243	1	0	0	0	1	0	0	0	1
4.6331	0.25458	0.81488	0.40216	1	0	0	0	1	0	0	0	1
4.6431	0.25569	0.8132	0.40153	1	0	0	0	1	0	0	0	1
4.6531	0.25711	0.8117	0.40127	1	0	0	0	1	0	0	0	1
4.6631	0.25819	0.8104	0.40106	1	0	0	0	1	0	0	0	1
4.6731	0.25919	0.80878	0.40069	1	0	0	0	1	0	0	0	1
4.6831	0.2601	0.80748	0.40056	1	0	0	0	1	0	0	0	1
4.6931	0.26086	0.80591	0.40019	1	0	0	0	1	0	0	0	1
4.7032	0.2615	0.80421	0.39987	1	0	0	0	1	0	0	0	1
4.7132	0.2622	0.80248	0.39939	1	0	0	0	1	0	0	0	1
4.7232	0.26276	0.80075	0.39907	1	0	0	0	1	0	0	0	1
4.7332	0.26316	0.79906	0.39854	1	0	0	0	1	0	0	0	1
4.7432	0.26349	0.7972	0.39839	1	0	0	0	1	0	0	0	1
4.7532	0.26377	0.79545	0.39795	1	0	0	0	1	0	0	0	1
4.7632	0.2639	0.79379	0.39762	1	0	0	0	1	0	0	0	1
4.7732	0.26373	0.79183	0.39704	1	0	0	0	1	0	0	0	1
4.7832	0.26348	0.79032	0.39688	1	0	0	0	1	0	0	0	1
4.7932	0.26305	0.78827	0.39654	1	0	0	0	1	0	0	0	1
4.8032	0.26242	0.78629	0.39606	1	0	0	0	1	0	0	0	1
4.8132	0.26173	0.78431	0.39572	1	0	0	0	1	0	0	0	1
4.8232	0.26108	0.78217	0.39531	1	0	0	0	1	0	0	0	1
4.8332	0.2599	0.78022	0.39533	1	0	0	0	1	0	0	0	1
4.8432	0.25914	0.77858	0.39499	1	0	0	0	1	0	0	0	1
4.8533	0.25813	0.77692	0.39505	1	0	0	0	1	0	0	0	1
4.8633	0.25686	0.77538	0.39506	1	0	0	0	1	0	0	0	1
4.8733	0.25595	0.77374	0.39479	1	0	0	0	1	0	0	0	1
4.8833	0.25457	0.77225	0.39473	1	0	0	0	1	0	0	0	1
4.8933	0.25309	0.77068	0.39471	1	0	0	0	1	0	0	0	1
4.9033	0.25154	0.76906	0.39467	1	0	0	0	1	0	0	0	1
4.9133	0.24983	0.76746	0.39493	1	0	0	0	1	0	0	0	1
4.9233	0.24835	0.76583	0.39463	1	0	0	0	1	0	0	0	1
4.9333	0.24665	0.76439	0.39504	1	0	0	0	1	0	0	0	1
4.9433	0.24499	0.76304	0.39499	1	0	0	0	1	0	0	0	1
4.9533	0.24326	0.76182	0.39523	1	0	0	0	1	0	0	0	1
4.9633	0.2417	0.76066	0.39527	1	0	0	0	1	0	0	0	1
4.9733	0.23978	0.75955	0.39567	1	0	0	0	1	0	0	0	1
4.9833	0.23807	0.75832	0.39567	1	0	0	0	1	0	0	0	1
4.9933	0.236	0.75717	0.39593	1	0	0	0	1	0	0	0	1
5.0034	0.23408	0.75588	0.39601	1	0	0	0	1	0	0	0	1
5.0134	0.23199	0.75501	0.39643	1	0	0	0	1	0	0	0	1
5.0234	0.22981	0.75417	0.39665	1	0	0	0	1	0	0	0	1
5.0334	0.22776	0.75328	0.39709	1	0	0	0	1	0	0	0	1
5.0434	0.22552	0.75233	0.39731	1	0	0	0	1	0	0	0	1
5.0534	0.2234	0.75145	0.39722	1	0	0	0	1	0	0	0	1
5.0634	0.22088	0.75054	0.39761	1	0	0	0	1	0	0	0	1
5.0734	0.21828	0.74968	0.39787	1	0	0	0	1	0	0	0	1
5.0834	0.21583	0.74899	0.39829	1	0	0	0	1	0	0	0	1
5.0934	0.21322	0.74816	0.39842	1	0	0	0	1	0	0	0	1
5.1034	0.21069	0.74769	0.399	1	0	0	0	1	0	0	0	1
5.1134	0.20806	0.74706	0.39936	1	0	0	0	1	0	0	0	1
5.1234	0.20575	0.74647	0.39963	1	0	0	0	1	0	0	0	1
5.1334	0.20307	0.74602	0.40008	1	0	0	0	1	0	0	0	1
5.1434	0.20079	0.74548	0.40043	1	0	0	0	1	0	0	0	1
5.1535	0.1987	0.74484	0.4007	1	0	0	0	1	0	0	0	1
5.1635	0.19643	0.7443	0.40112	1	0	0	0	1	0	0	0	1
5.1735	0.19457	0.74397	0.40149	1	0	0	0	1	0	0	0	1
5.1835	0.19256	0.74344	0.4016	1	0	0	0	1	0	0	0	1
5.1935	0.19091	0.74311	0.40186	1	0	0	0	1	0	0	0	1
5.2035	0.18915	0.74274	0.40222	1	0	0	0	1	0	0	0	1
5.2135	0.18731	0.74285	0.40279	1	0	0	0	1	0	0	0	1
5.2235	0.18567	0.74257	0.40286	1	0	0	0	1	0	0	0	1
5.2335	0.1842	0.74272	0.40314	1	0	0	0	1	0	0	0	1
5.2435	0.18259	0.74302	0.40356	1	0	0	0	1	0	0	0	1
5.2535	0.18127	0.74295	0.40361	1	0	0	0	1	0	0	0	1
5.2635	0.18022	0.74301	0.40363	1	0	0	0	1	0	0	0	1
5.2735	0.17877	0.7434	0.40389	1	0	0	0	1	0	0	0	1
5.2835	0.17729	0.74384	0.40399	1	0	0	0	1	0	0	0	1
5.2936	0.17605	0.74372	0.40392	1	0	0	0	1	0	0	0	1
5.3036	0.17452	0.74442	0.40406	1	0	0	0	1	0	0	0	1
5.3136	0.17339	0.74503	0.40415	1	0	0	0	1	0	0	0	1
5.3236	0.17215	0.74574	0.40413	1	0	0	0	1	0	0	0	1
5.3336	0.17067	0.7469	0.40449	1	0	0	0	1	0	0	0	1
5.3436	0.16961	0.74756	0.40456	1	0	0	0	1	0	0	0	1
5.3536	0.16805	0.74873	0.40476	1	0	0	0	1	0	0	0	1
5.3636	0.16673	0.74971	0.4049	1	0	0	0	1	0	0	0	1
5.3736	0.16509	0.75091	0.40536	1	0	0	0	1	0	0	0	1
5.3836	0.16366	0.75198	0.40543	1	0	0	0	1	0	0	0	1
5.3936	0.16211	0.75311	0.40554	1	0	0	0	1	0	0	0	1
5.4036	0.16066	0.75415	0.40558	1	0	0	0	1	0	0	0	1
5.4136	0.15919	0.75546	0.40561	1	0	0	0	1	0	0	0	1
5.4236	0.1579	0.75661	0.40597	1	0	0	0	1	0	0	0	1
5.4336	0.15668	0.75813	0.40625	1	0	0	0	1	0	0	0	1
5.4437	0.15542	0.75975	0.40681	1	0	0	0	1	0	0	0	1
5.4537	0.15432	0.7613	0.40708	1	0	0	0	1	0	0	0	1
5.4637	0.15307	0.76302	0.40741	1	0	0	0	1	0	0	0	1
5.4737	0.15219	0.76465	0.40766	1	0	0	0	1	0	0	0	1
5.4837	0.15118	0.76629	0.40785	1	0	0	0	1	0	0	0	1
5.4937	0.15025	0.7682	0.40819	1	0	0	0	1	0	0	0	1
5.5037	0.14927	0.76976	0.40843	1	0	0	0	1	0	0	0	1
5.5137	0.14778	0.77175	0.40872	1	0	0	0	1	0	0	0	1
5.5237	0.14631	0.77373	0.40923	1	0	0	0	1	0	0	0	1
5.5337	0.14464	0.77575	0.40983	1	0	0	0	1	0	0	0	1
5.5437	0.14299	0.77806	0.41008	1	0	0	0	1	0	0	0	1
5.5537	0.14136	0.78022	0.41054	1	0	0	0	1	0	0	0	1
5.5637	0.13952	0.78255	0.41077	1	0	0	0	1	0	0	0	1
5.5737	0.13751	0.78479	0.41112	1	0	0	0	1	0	0	0	1
5.5837	0.13524	0.78714	0.41136	1	0	0	0	1	0	0	0	1
5.5938	0.13298	0.7893	0.41174	1	0	0	0	1	0	0	0	1
5.6038	0.13072	0.79131	0.41175	1	0	0	0	1	0	0	0	1
5.6138	0.12849	0.79304	0.41159	1	0	0	0	1	0	0	0	1
5.6238	0.12632	0.79476	0.41151	1	0	0	0	1	0	0	0	1
5.6338	0.12397	0.79662	0.41169	1	0	0	0	1	0	0	0	1
5.6438	0.12181	0.79836	0.41182	1	0	0	0	1	0	0	0	1
5.6538	0.11985	0.8002	0.41175	1	0	0	0	1	0	0	0	1
5.6638	0.11784	0.80219	0.41183	1	0	0	0	1	0	0	0	1
5.6738	0.11611	0.80412	0.41199	1	0	0	0	1	0	0	0	1
5.6838	0.11463	0.80593	0.41199	1	0	0	0	1	0	0	0	1
5.6938	0.11298	0.80792	0.41199	1	0	0	0	1	0	0	0	1
5.7038	0.11171	0.80954	0.41224	1	0	0	0	1	0	0	0	1
5.7138	0.1105	0.81125	0.41221	1	0	0	0	1	0	0	0	1
5.7238	0.1097	0.81294	0.41231	1	0	0	0	1	0	0	0	1
5.7338	0.10913	0.81477	0.41214	1	0	0	0	1	0	0	0	1
5.7439	0.1086	0.81664	0.41212	1	0	0	0	1	0	0	0	1
5.7539	0.10868	0.81857	0.41231	1	0	0	0	1	0	0	0	1
5.7639	0.10867	0.82095	0.41251	1	0	0	0	1	0	0	0	1
5.7739	0.10899	0.82301	0.41243	1	0	0	0	1	0	0	0	1
5.7839	0.10962	0.82536	0.41255	1	0	0	0	1	0	0	0	1
5.7939	0.11056	0.82771	0.41251	1	0	0	0	1	0	0	0	1
5.8039	0.11177	0.83019	0.41254	1	0	0	0	1	0	0	0	1
5.8139	0.11308	0.83269	0.41265	1	0	0	0	1	0	0	0	1
5.8239	0.11474	0.83494	0.41259	1	0	0	0	1	0	0	0	1
5.8339	0.11656	0.83729	0.41247	1	0	0	0	1	0	0	0	1
5.8439	0.11862	0.83968	0.41242	1	0	0	0	1	0	0	0	1
5.8539	0.12082	0.84205	0.41222	1	0	0	0	1	0	0	0	1
5.8639	0.12316	0.84442	0.41197	1	0	0	0	1	0	0	0	1
5.8739	0.1257	0.84655	0.41126	1	0	0	0	1	0	0	0	1
5.8839	0.12878	0.84867	0.41108	1	0	0	0	1	0	0	0	1
5.894	0.13149	0.85087	0.41057	1	0	0	0	1	0	0	0	1
5.904	0.13456	0.8531	0.41027	1	0	0	0	1	0	0	0	1
5.914	0.13735	0.85538	0.4102	1	0	0	0	1	0	0	0	1
5.924	0.13999	0.8575	0.40976	1	0	0	0	1	0	0	0	1
5.934	0.14267	0.85968	0.4094	1	0	0	0	1	0	0	0	1
5.944	0.14542	0.86191	0.40922	1	0	0	0	1	0	0	0	1
5.954	0.14774	0.86413	0.40905	1	0	0	0	1	0	0	0	1
5.964	0.15013	0.86618	0.40894	1	0	0	0	1	0	0	0	1
5.974	0.15246	0.86836	0.40905	1	0	0	0	1	0	0	0	1
5.984	0.15412	0.87094	0.40942	1	0	0	0	1	0	0	0	1
5.994	0.15556	0.87283	0.40901	1	0	0	0	1	0	0	0	1
6.004	0.1566	0.87502	0.40921	1	0	0	0	1	0	0	0	1
6.014	0.15788	0.87743	0.40923	1	0	0	0	1	0	0	0	1
6.024	0.15918	0.87962	0.40918	1	0	0	0	1	0	0	0	1
6.034	0.16042	0.8815	0.40915	1	0	0	0	1	0	0	0	1
6.0441	0.1617	0.88359	0.40909	1	0	0	0	1	0	0	0	1
6.0541	0.1634	0.88552	0.40873	1	0	0	0	1	0	0	0	1
6.0641	0.16506	0.88771	0.4083	1	0	0	0	1	0	0	0	1
6.0741	0.16751	0.88979	0.40857	1	0	0	0	1	0	0	0	1
6.0841	0.16893	0.89113	0.40851	1	0	0	0	1	0	0	0	1
6.0941	0.1704	0.8928	0.40841	1	0	0	0	1	0	0	0	1
6.1041	0.17167	0.89433	0.40837	1	0	0	0	1	0	0	0	1
6.1141	0.17317	0.89585	0.40832	1	0	0	0	1	0	0	0	1
6.1241	0.17477	0.89748	0.40839	1	0	0	0	1	0	0	0	1
6.1341	0.17734	0.89882	0.40811	1	0	0	0	1	0	0	0	1
6.1441	0.1798	0.90009	0.40773	1	0	0	0	1	0	0	0	1
6.1541	0.1827	0.90112	0.40773	1	0	0	0	1	0	0	0	1
6.1641	0.18562	0.90237	0.40729	1	0	0	0	1	0	0	0	1
6.1741	0.18908	0.90312	0.40697	1	0	0	0	1	0	0	0	1
6.1841	0.1926	0.90397	0.4067	1	0	0	0	1	0	0	0	1
6.1942	0.19617	0.90495	0.40641	1	0	0	0	1	0	0	0	1
6.2042	0.19986	0.90578	0.40608	1	0	0	0	1	0	0	0	1
6.2142	0.20382	0.90625	0.40575	1	0	0	0	1	0	0	0	1
6.2242	0.20789	0.90679	0.40561	1	0	0	0	1	0	0	0	1
6.2342	0.21227	0.90694	0.40499	1	0	0	0	1	0	0	0	1
6.2442	0.21665	0.90699	0.4047	1	0	0	0	1	0	0	0	1
6.2542	0.22119	0.90709	0.4042	1	0	0	0	1	0	0	0	1
6.2642	0.22596	0.90694	0.40389	1	0	0	0	1	0	0	0	1
6.2742	0.23075	0.90691	0.40376	1	0	0	0	1	0	0	0	1
6.2842	0.23548	0.90662	0.40349	1	0	0	0	1	0	0	0	1
6.2942	0.24008	0.90621	0.40339	1	0	0	0	1	0	0	0	1
6.3042	0.24465	0.90576	0.40306	1	0	0	0	1	0	0	0	1
6.3142	0.24946	0.90492	0.40293	1	0	0	0	1	0	0	0	1
6.3242	0.25434	0.90378	0.40257	1	0	0	0	1	0	0	0	1
6.3342	0.25908	0.90247	0.4021	1	0	0	0	1	0	0	0	1
6.3443	0.26398	0.90105	0.40159	1	0	0	0	1	0	0	0	1
6.3543	0.26913	0.89915	0.40103	1	0	0	0	1	0	0	0	1
6.3643	0.27395	0.89741	0.40051	1	0	0	0	1	0	0	0	1
6.3743	0.2791	0.89513	0.39994	1	0	0	0	1	0	0	0	1
6.3843	0.28403	0.89322	0.39962	1	0	0	0	1	0	0	0	1
6.3943	0.28879	0.89122	0.39927	1	0	0	0	1	0	0	0	1
6.4043	0.29398	0.88912	0.39897	1	0	0	0	1	0	0	0	1
6.4143	0.29898	0.88699	0.39833	1	0	0	0	1	0	0	0	1
6.4243	0.30393	0.88465	0.39788	1	0	0	0	1	0	0	0	1
6.4343	0.30844	0.88208	0.39739	1	0	0	0	1	0	0	0	1
6.4443	0.3128	0.87939	0.39681	1	0	0	0	1	0	0	0	1
6.4543	0.31729	0.87632	0.39588	1	0	0	0	1	0	0	0	1
6.4643	0.32076	0.87366	0.39552	1	0	0	0	1	0	0	0	1
6.4743	0.32428	0.87031	0.39431	1	0	0	0	1	0	0	0	1
6.4843	0.32708	0.86732	0.39386	1	0	0	0	1	0	0	0	1
6.4944	0.32985	0.86443	0.39308	1	0	0	0	1	0	0	0	1
6.5044	0.33205	0.86144	0.39192	1	0	0	0	1	0	0	0	1
6.5144	0.33403	0.85895	0.39156	1	0	0	0	1	0	0	0	1
6.5244	0.33595	0.85651	0.39111	1	0	0	0	1	0	0	0	1
6.5344	0.33732	0.8539	0.39019	1	0	0	0	1	0	0	0	1
6.5444	0.33843	0.85154	0.3893	1	0	0	0	1	0	0	0	1
6.5544	0.33894	0.84933	0.38867	1	0	0	0	1	0	0	0	1
6.5644	0.33932	0.84696	0.3881	1	0	0	0	1	0	0	0	1
6.5744	0.33904	0.8449	0.38791	1	0	0	0	1	0	0	0	1
6.5844	0.3387	0.84275	0.38709	1	0	0	0	1	0	0	0	1
6.5944	0.3379	0.84078	0.38632	1	0	0	0	1	0	0	0	1
6.6044	0.33705	0.83866	0.38568	1	0	0	0	1	0	0	0	1
6.6144	0.33585	0.83678	0.38547	1	0	0	0	1	0	0	0	1
6.6244	0.3346	0.8348	0.38487	1	0	0	0	1	0	0	0	1
6.6344	0.33298	0.83272	0.38425	1	0	0	0	1	0	0	0	1
6.6445	0.33134	0.83059	0.38367	1	0	0	0	1	0	0	0	1
6.6545	0.33003	0.82808	0.38321	1	0	0	0	1	0	0	0	1
6.6645	0.32854	0.82584	0.38326	1	0	0	0	1	0	0	0	1
6.6745	0.3272	0.82362	0.38289	1	0	0	0	1	0	0	0	1
6.6845	0.3258	0.82178	0.38325	1	0	0	0	1	0	0	0	1
6.6945	0.32462	0.81955	0.38299	1	0	0	0	1	0	0	0	1
6.7045	0.3233	0.81747	0.38317	1	0	0	0	1	0	0	0	1
6.7145	0.32226	0.81531	0.38307	1	0	0	0	1	0	0	0	1
6.7245	0.32099	0.81337	0.38359	1	0	0	0	1	0	0	0	1
6.7345	0.32015	0.81057	0.38309	1	0	0	0	1	0	0	0	1
6.7445	0.31862	0.80817	0.38361	1	0	0	0	1	0	0	0	1
6.7545	0.31753	0.8052	0.38336	1	0	0	0	1	0	0	0	1
6.7645	0.31627	0.80243	0.38346	1	0	0	0	1	0	0	0	1
6.7745	0.31493	0.79949	0.38345	1	0	0	0	1	0	0	0	1
6.7846	0.31377	0.79645	0.38344	1	0	0	0	1	0	0	0	1
6.7946	0.31249	0.79356	0.38364	1	0	0	0	1	0	0	0	1
6.8046	0.31137	0.79047	0.38382	1	0	0	0	1	0	0	0	1
6.8146	0.3102	0.78768	0.38416	1	0	0	0	1	0	0	0	1
6.8246	0.30894	0.7849	0.38466	1	0	0	0	1	0	0	0	1
6.8346	0.3078	0.7823	0.38464	1	0	0	0	1	0	0	0	1
6.8446	0.30599	0.77995	0.3856	1	0	0	0	1	0	0	0	1
6.8546	0.30406	0.77749	0.38597	1	0	0	0	1	0	0	0	1
6.8646	0.30195	0.77514	0.38626	1	0	0	0	1	0	0	0	1
6.8746	0.29961	0.77273	0.38684	1	0	0	0	1	0	0	0	1
6.8846	0.2967	0.77016	0.38726	1	0	0	0	1	0	0	0	1
6.8946	0.29348	0.76757	0.38739	1	0	0	0	1	0	0	0	1
6.9046	0.29014	0.76501	0.38797	1	0	0	0	1	0	0	0	1
6.9146	0.28637	0.7623	0.38803	1	0	0	0	1	0	0	0	1
6.9246	0.28255	0.75962	0.38852	1	0	0	0	1	0	0	0	1
6.9347	0.2781	0.75719	0.38901	1	0	0	0	1	0	0	0	1
6.9447	0.27323	0.75522	0.38986	1	0	0	0	1	0	0	0	1
6.9547	0.26854	0.75297	0.39034	1	0	0	0	1	0	0	0	1
6.9647	0.2632	0.75124	0.39143	1	0	0	0	1	0	0	0	1
6.9747	0.2578	0.7494	0.39219	1	0	0	0	1	0	0	0	1
6.9847	0.25225	0.7479	0.39305	1	0	0	0	1	0	0	0	1
6.9947	0.2463	0.74648	0.39392	1	0	0	0	1	0	0	0	1
7.0047	0.24058	0.74457	0.39444	1	0	0	0	1	0	0	0	1
7.0147	0.23484	0.74317	0.3953	1	0	0	0	1	0	0	0	1
7.0247	0.22921	0.74163	0.39605	1	0	0	0	1	0	0	0	1
7.0347	0.22427	0.73971	0.39677	1	0	0	0	1	0	0	0	1
7.0447	0.21925	0.73808	0.39755	1	0	0	0	1	0	0	0	1
7.0547	0.21428	0.73609	0.39817	1	0	0	0	1	0	0	0	1
7.0647	0.20943	0.73441	0.39881	1	0	0	0	1	0	0	0	1
7.0747	0.20499	0.73246	0.39903	1	0	0	0	1	0	0	0	1
7.0848	0.20084	0.73084	0.39979	1	0	0	0	1	0	0	0	1
7.0948	0.19721	0.72928	0.40024	1	0	0	0	1	0	0	0	1
7.1048	0.19376	0.72789	0.40055	1	0	0	0	1	0	0	0	1
7.1148	0.19058	0.72666	0.40109	1	0	0	0	1	0	0	0	1
7.1248	0.18727	0.72581	0.40148	1	0	0	0	1	0	0	0	1
7.1348	0.18443	0.72492	0.40193	1	0	0	0	1	0	0	0	1
7.1448	0.18168	0.72447	0.40249	1	0	0	0	1	0	0	0	1
7.1548	0.17938	0.72388	0.403	1	0	0	0	1	0	0	0	1
7.1648	0.17673	0.72355	0.40336	1	0	0	0	1	0	0	0	1
7.1748	0.17444	0.72337	0.40376	1	0	0	0	1	0	0	0	1
7.1848	0.17195	0.72339	0.40402	1	0	0	0	1	0	0	0	1
7.1948	0.17	0.72337	0.40419	1	0	0	0	1	0	0	0	1
7.2048	0.16762	0.72375	0.40476	1	0	0	0	1	0	0	0	1
7.2148	0.16593	0.72385	0.40481	1	0	0	0	1	0	0	0	1
7.2248	0.16357	0.72437	0.4052	1	0	0	0	1	0	0	0	1
7.2349	0.16167	0.72492	0.40552	1	0	0	0	1	0	0	0	1
7.2449	0.1596	0.72592	0.40538	1	0	0	0	1	0	0	0	1
7.2549	0.15779	0.72658	0.40584	1	0	0	0	1	0	0	0	1
7.2649	0.15582	0.72764	0.4062	1	0	0	0	1	0	0	0	1
7.2749	0.15425	0.72847	0.40597	1	0	0	0	1	0	0	0	1
7.2849	0.15248	0.72934	0.40594	1	0	0	0	1	0	0	0	1
7.2949	0.15062	0.73037	0.40596	1	0	0	0	1	0	0	0	1
7.3049	0.14879	0.73167	0.4063	1	0	0	0	1	0	0	0	1
7.3149	0.14701	0.73308	0.40661	1	0	0	0	1	0	0	0	1
7.3249	0.14556	0.73428	0.40655	1	0	0	0	1	0	0	0	1
7.3349	0.14357	0.73555	0.40684	1	0	0	0	1	0	0	0	1
7.3449	0.14155	0.73697	0.40725	1	0	0	0	1	0	0	0	1
7.3549	0.13934	0.73841	0.40746	1	0	0	0	1	0	0	0	1
7.3649	0.13724	0.73983	0.40747	1	0	0	0	1	0	0	0	1
7.3749	0.13514	0.74146	0.40792	1	0	0	0	1	0	0	0	1
7.385	0.13289	0.74329	0.40864	1	0	0	0	1	0	0	0	1
7.395	0.13086	0.74477	0.40865	1	0	0	0	1	0	0	0	1
7.405	0.12881	0.74626	0.40895	1	0	0	0	1	0	0	0	1
7.415	0.12635	0.74777	0.40947	1	0	0	0	1	0	0	0	1
7.425	0.12404	0.74954	0.40955	1	0	0	0	1	0	0	0	1
7.435	0.1221	0.75124	0.40983	1	0	0	0	1	0	0	0	1
7.445	0.12042	0.75314	0.41006	1	0	0	0	1	0	0	0	1
7.455	0.11842	0.75516	0.41055	1	0	0	0	1	0	0	0	1
