0	0.22084	0.64857	0.044864	1	0	0	0	1	0	0	0	1
0.050251	0.22072	0.64848	0.044808	1	0	0	0	1	0	0	0	1
0.1005	0.22064	0.64845	0.044739	1	0	0	0	1	0	0	0	1
0.15075	0.22057	0.64843	0.044742	1	0	0	0	1	0	0	0	1
0.20101	0.22055	0.64842	0.044788	1	0	0	0	1	0	0	0	1
0.25126	0.22062	0.64846	0.044751	1	0	0	0	1	0	0	0	1
0.30151	0.22072	0.64846	0.044887	1	0	0	0	1	0	0	0	1
0.35176	0.22078	0.64857	0.044941	1	0	0	0	1	0	0	0	1
0.40201	0.22088	0.64859	0.044996	1	0	0	0	1	0	0	0	1
0.45226	0.22089	0.64857	0.045086	1	0	0	0	1	0	0	0	1
0.50251	0.22075	0.64857	0.045098	1	0	0	0	1	0	0	0	1
0.55276	0.2206	0.64855	0.045153	1	0	0	0	1	0	0	0	1
0.60302	0.22062	0.64859	0.045375	1	0	0	0	1	0	0	0	1
0.65327	0.22079	0.64874	0.045569	1	0	0	0	1	0	0	0	1
0.70352	0.2213	0.64895	0.045932	1	0	0	0	1	0	0	0	1
0.75377	0.22163	0.64919	0.046093	1	0	0	0	1	0	0	0	1
0.80402	0.22209	0.64936	0.046327	1	0	0	0	1	0	0	0	1
0.85427	0.22292	0.64948	0.046752	1	0	0	0	1	0	0	0	1
0.90452	0.22371	0.64963	0.04703	1	0	0	0	1	0	0	0	1
0.95477	0.22412	0.6497	0.047175	1	0	0	0	1	0	0	0	1
1.005	0.22439	0.64963	0.047133	1	0	0	0	1	0	0	0	1
1.0553	0.22438	0.64962	0.047038	1	0	0	0	1	0	0	0	1
1.1055	0.22432	0.64951	0.046843	1	0	0	0	1	0	0	0	1
1.1558	0.2241	0.64935	0.046476	1	0	0	0	1	0	0	0	1
1.206	0.22369	0.64917	0.046183	1	0	0	0	1	0	0	0	1
1.2563	0.22314	0.64906	0.045852	1	0	0	0	1	0	0	0	1
1.3065	0.22271	0.64887	0.045442	1	0	0	0	1	0	0	0	1
1.3568	0.22235	0.64874	0.045222	1	0	0	0	1	0	0	0	1
1.407	0.22211	0.64863	0.0451	1	0	0	0	1	0	0	0	1
1.4573	0.22182	0.64853	0.044796	1	0	0	0	1	0	0	0	1
1.5075	0.22149	0.64837	0.04464	1	0	0	0	1	0	0	0	1
1.5578	0.22113	0.64822	0.044562	1	0	0	0	1	0	0	0	1
1.608	0.22059	0.64802	0.044439	1	0	0	0	1	0	0	0	1
1.6583	0.22017	0.64799	0.04443	1	0	0	0	1	0	0	0	1
1.7085	0.21993	0.64796	0.044465	1	0	0	0	1	0	0	0	1
1.7588	0.21963	0.64803	0.044538	1	0	0	0	1	0	0	0	1
1.809	0.21963	0.64812	0.044564	1	0	0	0	1	0	0	0	1
1.8593	0.21963	0.64821	0.044694	1	0	0	0	1	0	0	0	1
1.9095	0.21957	0.64828	0.04477	1	0	0	0	1	0	0	0	1
1.9598	0.21943	0.64838	0.044857	1	0	0	0	1	0	0	0	1
2.0101	0.21934	0.64842	0.044961	1	0	0	0	1	0	0	0	1
2.0603	0.21929	0.64847	0.045147	1	0	0	0	1	0	0	0	1
2.1106	0.21961	0.64859	0.045447	1	0	0	0	1	0	0	0	1
2.1608	0.21986	0.64871	0.045766	1	0	0	0	1	0	0	0	1
2.2111	0.22024	0.64886	0.046096	1	0	0	0	1	0	0	0	1
2.2613	0.22077	0.64908	0.046435	1	0	0	0	1	0	0	0	1
2.3116	0.22112	0.64932	0.046787	1	0	0	0	1	0	0	0	1
2.3618	0.22148	0.64946	0.047238	1	0	0	0	1	0	0	0	1
2.4121	0.22189	0.64963	0.047417	1	0	0	0	1	0	0	0	1
2.4623	0.2221	0.64966	0.047667	1	0	0	0	1	0	0	0	1
2.5126	0.2224	0.64981	0.047603	1	0	0	0	1	0	0	0	1
2.5628	0.22258	0.64981	0.047515	1	0	0	0	1	0	0	0	1
2.6131	0.22281	0.64977	0.047425	1	0	0	0	1	0	0	0	1
2.6633	0.22331	0.64973	0.047245	1	0	0	0	1	0	0	0	1
2.7136	0.22382	0.64967	0.047086	1	0	0	0	1	0	0	0	1
2.7638	0.22428	0.64946	0.046857	1	0	0	0	1	0	0	0	1
2.8141	0.22473	0.64925	0.046567	1	0	0	0	1	0	0	0	1
2.8643	0.22493	0.64905	0.046381	1	0	0	0	1	0	0	0	1
2.9146	0.22497	0.64894	0.046258	1	0	0	0	1	0	0	0	1
2.9648	0.22476	0.64884	0.046031	1	0	0	0	1	0	0	0	1
3.0151	0.22437	0.6488	0.045813	1	0	0	0	1	0	0	0	1
3.0653	0.22377	0.64877	0.04558	1	0	0	0	1	0	0	0	1
3.1156	0.22292	0.6487	0.045299	1	0	0	0	1	0	0	0	1
3.1658	0.22234	0.64857	0.045002	1	0	0	0	1	0	0	0	1
3.2161	0.22178	0.64841	0.044699	1	0	0	0	1	0	0	0	1
3.2663	0.22111	0.64805	0.044394	1	0	0	0	1	0	0	0	1
3.3166	0.22064	0.64789	0.044205	1	0	0	0	1	0	0	0	1
3.3668	0.22015	0.64771	0.044183	1	0	0	0	1	0	0	0	1
3.4171	0.21975	0.64764	0.044069	1	0	0	0	1	0	0	0	1
3.4673	0.2198	0.64769	0.044139	1	0	0	0	1	0	0	0	1
3.5176	0.21957	0.6478	0.044133	1	0	0	0	1	0	0	0	1
3.5678	0.21934	0.64786	0.044135	1	0	0	0	1	0	0	0	1
3.6181	0.2185	0.64778	0.043898	1	0	0	0	1	0	0	0	1
3.6683	0.21759	0.6476	0.043712	1	0	0	0	1	0	0	0	1
3.7186	0.21709	0.64745	0.043723	1	0	0	0	1	0	0	0	1
3.7688	0.21691	0.64748	0.043746	1	0	0	0	1	0	0	0	1
3.8191	0.21701	0.64764	0.043858	1	0	0	0	1	0	0	0	1
3.8693	0.2175	0.64791	0.044279	1	0	0	0	1	0	0	0	1
3.9196	0.2181	0.64815	0.044775	1	0	0	0	1	0	0	0	1
3.9698	0.21866	0.64832	0.045334	1	0	0	0	1	0	0	0	1
4.0201	0.21909	0.64858	0.045749	1	0	0	0	1	0	0	0	1
4.0704	0.21958	0.64879	0.04634	1	0	0	0	1	0	0	0	1
4.1206	0.22013	0.64908	0.046657	1	0	0	0	1	0	0	0	1
4.1709	0.22038	0.6492	0.047085	1	0	0	0	1	0	0	0	1
4.2211	0.22098	0.64957	0.047357	1	0	0	0	1	0	0	0	1
4.2714	0.22148	0.64988	0.047773	1	0	0	0	1	0	0	0	1
4.3216	0.22213	0.6501	0.04816	1	0	0	0	1	0	0	0	1
4.3719	0.22272	0.6502	0.048583	1	0	0	0	1	0	0	0	1
4.4221	0.22311	0.65022	0.04882	1	0	0	0	1	0	0	0	1
4.4724	0.22362	0.65029	0.048696	1	0	0	0	1	0	0	0	1
4.5226	0.22406	0.65034	0.048609	1	0	0	0	1	0	0	0	1
4.5729	0.2245	0.65017	0.048663	1	0	0	0	1	0	0	0	1
4.6231	0.22498	0.64972	0.048987	1	0	0	0	1	0	0	0	1
4.6734	0.22576	0.6495	0.048716	1	0	0	0	1	0	0	0	1
4.7236	0.22626	0.6493	0.048693	1	0	0	0	1	0	0	0	1
4.7739	0.22654	0.64911	0.048288	1	0	0	0	1	0	0	0	1
4.8241	0.22656	0.64886	0.047882	1	0	0	0	1	0	0	0	1
4.8744	0.22627	0.64867	0.047596	1	0	0	0	1	0	0	0	1
4.9246	0.22587	0.64855	0.047356	1	0	0	0	1	0	0	0	1
4.9749	0.22517	0.64866	0.04675	1	0	0	0	1	0	0	0	1
5.0251	0.22448	0.64828	0.046873	1	0	0	0	1	0	0	0	1
5.0754	0.22376	0.64849	0.046076	1	0	0	0	1	0	0	0	1
5.1256	0.22336	0.64849	0.045451	1	0	0	0	1	0	0	0	1
5.1759	0.22244	0.64833	0.045033	1	0	0	0	1	0	0	0	1
5.2261	0.22173	0.64811	0.044732	1	0	0	0	1	0	0	0	1
5.2764	0.22072	0.64788	0.044423	1	0	0	0	1	0	0	0	1
5.3266	0.21988	0.64761	0.04426	1	0	0	0	1	0	0	0	1
5.3769	0.21911	0.64741	0.043903	1	0	0	0	1	0	0	0	1
5.4271	0.2177	0.64675	0.043525	1	0	0	0	1	0	0	0	1
5.4774	0.21685	0.64627	0.04306	1	0	0	0	1	0	0	0	1
5.5276	0.21544	0.64617	0.04212	1	0	0	0	1	0	0	0	1
5.5779	0.21432	0.64574	0.04175	1	0	0	0	1	0	0	0	1
5.6281	0.21276	0.64541	0.041769	1	0	0	0	1	0	0	0	1
5.6784	0.21198	0.64514	0.041556	1	0	0	0	1	0	0	0	1
5.7286	0.21145	0.64499	0.041577	1	0	0	0	1	0	0	0	1
5.7789	0.21117	0.645	0.041425	1	0	0	0	1	0	0	0	1
5.8291	0.21124	0.64511	0.04156	1	0	0	0	1	0	0	0	1
5.8794	0.21151	0.64531	0.041789	1	0	0	0	1	0	0	0	1
5.9296	0.21161	0.64547	0.042028	1	0	0	0	1	0	0	0	1
5.9799	0.21156	0.64565	0.04225	1	0	0	0	1	0	0	0	1
6.0302	0.21183	0.646	0.042819	1	0	0	0	1	0	0	0	1
6.0804	0.21223	0.6463	0.043225	1	0	0	0	1	0	0	0	1
6.1307	0.21259	0.64653	0.043566	1	0	0	0	1	0	0	0	1
6.1809	0.21303	0.64682	0.044147	1	0	0	0	1	0	0	0	1
6.2312	0.21341	0.64715	0.044961	1	0	0	0	1	0	0	0	1
6.2814	0.21488	0.64759	0.046561	1	0	0	0	1	0	0	0	1
6.3317	0.216	0.64831	0.047587	1	0	0	0	1	0	0	0	1
6.3819	0.21725	0.64871	0.048937	1	0	0	0	1	0	0	0	1
6.4322	0.21796	0.64898	0.049903	1	0	0	0	1	0	0	0	1
6.4824	0.21882	0.64921	0.051241	1	0	0	0	1	0	0	0	1
6.5327	0.21929	0.64948	0.05195	1	0	0	0	1	0	0	0	1
6.5829	0.22025	0.6498	0.052528	1	0	0	0	1	0	0	0	1
6.6332	0.22137	0.65006	0.052884	1	0	0	0	1	0	0	0	1
6.6834	0.22217	0.65008	0.05277	1	0	0	0	1	0	0	0	1
6.7337	0.22319	0.65004	0.052311	1	0	0	0	1	0	0	0	1
6.7839	0.22431	0.65001	0.052138	1	0	0	0	1	0	0	0	1
6.8342	0.22511	0.64994	0.05191	1	0	0	0	1	0	0	0	1
6.8844	0.22571	0.64953	0.052184	1	0	0	0	1	0	0	0	1
6.9347	0.22719	0.64917	0.051996	1	0	0	0	1	0	0	0	1
6.9849	0.22817	0.64891	0.051667	1	0	0	0	1	0	0	0	1
7.0352	0.22875	0.64889	0.051457	1	0	0	0	1	0	0	0	1
7.0854	0.22942	0.64883	0.051218	1	0	0	0	1	0	0	0	1
7.1357	0.23004	0.64875	0.051036	1	0	0	0	1	0	0	0	1
7.1859	0.23089	0.64851	0.050963	1	0	0	0	1	0	0	0	1
7.2362	0.23228	0.64834	0.05063	1	0	0	0	1	0	0	0	1
7.2864	0.23303	0.64808	0.050182	1	0	0	0	1	0	0	0	1
7.3367	0.23315	0.64788	0.049706	1	0	0	0	1	0	0	0	1
7.3869	0.23295	0.64771	0.049168	1	0	0	0	1	0	0	0	1
7.4372	0.23274	0.64749	0.048672	1	0	0	0	1	0	0	0	1
7.4874	0.23204	0.64727	0.048166	1	0	0	0	1	0	0	0	1
7.5377	0.23126	0.64701	0.04781	1	0	0	0	1	0	0	0	1
7.5879	0.2305	0.64677	0.047218	1	0	0	0	1	0	0	0	1
7.6382	0.22948	0.64631	0.046492	1	0	0	0	1	0	0	0	1
7.6884	0.22838	0.64576	0.046006	1	0	0	0	1	0	0	0	1
7.7387	0.2275	0.64517	0.045439	1	0	0	0	1	0	0	0	1
7.7889	0.22645	0.64441	0.044568	1	0	0	0	1	0	0	0	1
7.8392	0.22573	0.64413	0.044044	1	0	0	0	1	0	0	0	1
7.8894	0.22511	0.64382	0.043641	1	0	0	0	1	0	0	0	1
7.9397	0.22441	0.64376	0.043102	1	0	0	0	1	0	0	0	1
7.9899	0.22396	0.64319	0.042272	1	0	0	0	1	0	0	0	1
8.0402	0.22295	0.64249	0.041293	1	0	0	0	1	0	0	0	1
8.0905	0.22242	0.64171	0.040487	1	0	0	0	1	0	0	0	1
8.1407	0.22202	0.6412	0.040079	1	0	0	0	1	0	0	0	1
8.191	0.2216	0.6412	0.039962	1	0	0	0	1	0	0	0	1
8.2412	0.22114	0.64116	0.039675	1	0	0	0	1	0	0	0	1
8.2915	0.22047	0.64123	0.03984	1	0	0	0	1	0	0	0	1
8.3417	0.22007	0.64119	0.039633	1	0	0	0	1	0	0	0	1
8.392	0.21973	0.64187	0.039277	1	0	0	0	1	0	0	0	1
8.4422	0.2193	0.64233	0.039989	1	0	0	0	1	0	0	0	1
8.4925	0.21892	0.64275	0.04024	1	0	0	0	1	0	0	0	1
8.5427	0.21843	0.64296	0.040495	1	0	0	0	1	0	0	0	1
8.593	0.21753	0.64273	0.040212	1	0	0	0	1	0	0	0	1
8.6432	0.21668	0.642	0.039599	1	0	0	0	1	0	0	0	1
8.6935	0.21508	0.64167	0.038474	1	0	0	0	1	0	0	0	1
8.7437	0.21365	0.64134	0.038218	1	0	0	0	1	0	0	0	1
8.794	0.2108	0.6413	0.038248	1	0	0	0	1	0	0	0	1
8.8442	0.20828	0.64166	0.038146	1	0	0	0	1	0	0	0	1
8.8945	0.20642	0.64205	0.038359	1	0	0	0	1	0	0	0	1
8.9447	0.20498	0.64232	0.039035	1	0	0	0	1	0	0	0	1
8.995	0.20448	0.64258	0.03916	1	0	0	0	1	0	0	0	1
9.0452	0.20448	0.64277	0.039457	1	0	0	0	1	0	0	0	1
9.0955	0.20448	0.64291	0.039629	1	0	0	0	1	0	0	0	1
9.1457	0.20463	0.64303	0.039896	1	0	0	0	1	0	0	0	1
9.196	0.20456	0.64306	0.040105	1	0	0	0	1	0	0	0	1
9.2462	0.20457	0.6432	0.040366	1	0	0	0	1	0	0	0	1
9.2965	0.20472	0.64356	0.040764	1	0	0	0	1	0	0	0	1
9.3467	0.20446	0.64401	0.041191	1	0	0	0	1	0	0	0	1
9.397	0.2038	0.64429	0.041817	1	0	0	0	1	0	0	0	1
9.4472	0.20314	0.6444	0.042891	1	0	0	0	1	0	0	0	1
9.4975	0.20359	0.64479	0.043933	1	0	0	0	1	0	0	0	1
9.5477	0.20412	0.64507	0.04592	1	0	0	0	1	0	0	0	1
9.598	0.2046	0.64631	0.049949	1	0	0	0	1	0	0	0	1
9.6482	0.20793	0.64852	0.056072	1	0	0	0	1	0	0	0	1
9.6985	0.21404	0.65161	0.062955	1	0	0	0	1	0	0	0	1
9.7487	0.22333	0.65459	0.066838	1	0	0	0	1	0	0	0	1
9.799	0.22876	0.65725	0.070758	1	0	0	0	1	0	0	0	1
9.8492	0.22764	0.65898	0.076421	1	0	0	0	1	0	0	0	1
9.8995	0.22762	0.66088	0.081628	1	0	0	0	1	0	0	0	1
9.9497	0.22701	0.66247	0.085718	1	0	0	0	1	0	0	0	1
10	0.22628	0.66341	0.088428	1	0	0	0	1	0	0	0	1
