0	0.25331	0.84558	0.048519	1	0	0	0	1	0	0	0	1
0.0050251	0.2533	0.84552	0.048488	1	0	0	0	1	0	0	0	1
0.01005	0.25327	0.84551	0.048526	1	0	0	0	1	0	0	0	1
0.015075	0.25326	0.84551	0.048512	1	0	0	0	1	0	0	0	1
0.020101	0.25326	0.84551	0.048514	1	0	0	0	1	0	0	0	1
0.025126	0.25324	0.84549	0.048515	1	0	0	0	1	0	0	0	1
0.030151	0.25327	0.84549	0.048524	1	0	0	0	1	0	0	0	1
0.035176	0.25325	0.84549	0.048505	1	0	0	0	1	0	0	0	1
0.040201	0.25324	0.84549	0.048514	1	0	0	0	1	0	0	0	1
0.045226	0.25324	0.84549	0.048516	1	0	0	0	1	0	0	0	1
0.050251	0.25324	0.84548	0.048538	1	0	0	0	1	0	0	0	1
0.055276	0.25323	0.84545	0.048561	1	0	0	0	1	0	0	0	1
0.060302	0.25325	0.84546	0.048556	1	0	0	0	1	0	0	0	1
0.065327	0.2532	0.84544	0.048562	1	0	0	0	1	0	0	0	1
0.070352	0.25321	0.84545	0.048564	1	0	0	0	1	0	0	0	1
0.075377	0.2532	0.84543	0.048565	1	0	0	0	1	0	0	0	1
0.080402	0.2532	0.84542	0.048565	1	0	0	0	1	0	0	0	1
0.085427	0.25319	0.84543	0.048577	1	0	0	0	1	0	0	0	1
0.090452	0.2532	0.84542	0.048595	1	0	0	0	1	0	0	0	1
0.095477	0.2532	0.84542	0.048603	1	0	0	0	1	0	0	0	1
0.1005	0.25321	0.84542	0.048583	1	0	0	0	1	0	0	0	1
0.10553	0.25319	0.84543	0.048579	1	0	0	0	1	0	0	0	1
0.11055	0.2532	0.84542	0.048598	1	0	0	0	1	0	0	0	1
0.11558	0.25319	0.84542	0.048604	1	0	0	0	1	0	0	0	1
0.1206	0.25318	0.84543	0.04859	1	0	0	0	1	0	0	0	1
0.12563	0.25322	0.84539	0.048562	1	0	0	0	1	0	0	0	1
0.13065	0.25322	0.84539	0.048563	1	0	0	0	1	0	0	0	1
0.13568	0.2532	0.84542	0.048595	1	0	0	0	1	0	0	0	1
0.1407	0.25321	0.84542	0.048585	1	0	0	0	1	0	0	0	1
0.14573	0.2532	0.84542	0.048567	1	0	0	0	1	0	0	0	1
0.15075	0.25321	0.84539	0.04857	1	0	0	0	1	0	0	0	1
0.15578	0.25321	0.84539	0.048563	1	0	0	0	1	0	0	0	1
0.1608	0.25319	0.8454	0.048561	1	0	0	0	1	0	0	0	1
0.16583	0.25321	0.84539	0.04857	1	0	0	0	1	0	0	0	1
0.17085	0.2532	0.8454	0.048561	1	0	0	0	1	0	0	0	1
0.17588	0.25321	0.84539	0.04855	1	0	0	0	1	0	0	0	1
0.1809	0.25321	0.84539	0.04858	1	0	0	0	1	0	0	0	1
0.18593	0.25322	0.84539	0.048562	1	0	0	0	1	0	0	0	1
0.19095	0.25322	0.84539	0.048555	1	0	0	0	1	0	0	0	1
0.19598	0.25321	0.84539	0.048546	1	0	0	0	1	0	0	0	1
0.20101	0.25321	0.84539	0.048561	1	0	0	0	1	0	0	0	1
0.20603	0.25322	0.8454	0.048528	1	0	0	0	1	0	0	0	1
0.21106	0.25329	0.8454	0.048447	1	0	0	0	1	0	0	0	1
0.21608	0.25321	0.8454	0.048528	1	0	0	0	1	0	0	0	1
0.22111	0.25322	0.8454	0.048526	1	0	0	0	1	0	0	0	1
0.22613	0.25321	0.84539	0.048535	1	0	0	0	1	0	0	0	1
0.23116	0.25323	0.84539	0.048512	1	0	0	0	1	0	0	0	1
0.23618	0.25323	0.8454	0.048495	1	0	0	0	1	0	0	0	1
0.24121	0.25324	0.8454	0.048495	1	0	0	0	1	0	0	0	1
0.24623	0.25325	0.8454	0.048503	1	0	0	0	1	0	0	0	1
0.25126	0.25327	0.84542	0.048484	1	0	0	0	1	0	0	0	1
0.25628	0.25328	0.84542	0.04846	1	0	0	0	1	0	0	0	1
0.26131	0.25327	0.84543	0.048435	1	0	0	0	1	0	0	0	1
0.26633	0.25328	0.84545	0.048459	1	0	0	0	1	0	0	0	1
0.27136	0.25328	0.84544	0.048459	1	0	0	0	1	0	0	0	1
0.27638	0.25328	0.84545	0.048453	1	0	0	0	1	0	0	0	1
0.28141	0.25329	0.84546	0.048466	1	0	0	0	1	0	0	0	1
0.28643	0.25332	0.84546	0.048477	1	0	0	0	1	0	0	0	1
0.29146	0.25333	0.84547	0.04846	1	0	0	0	1	0	0	0	1
0.29648	0.25332	0.84549	0.048424	1	0	0	0	1	0	0	0	1
0.30151	0.25334	0.84549	0.048427	1	0	0	0	1	0	0	0	1
0.30653	0.25335	0.84549	0.048411	1	0	0	0	1	0	0	0	1
0.31156	0.25335	0.8455	0.048399	1	0	0	0	1	0	0	0	1
0.31658	0.25336	0.84552	0.048382	1	0	0	0	1	0	0	0	1
0.32161	0.25337	0.84555	0.04839	1	0	0	0	1	0	0	0	1
0.32663	0.25337	0.84556	0.048363	1	0	0	0	1	0	0	0	1
0.33166	0.25339	0.84555	0.048356	1	0	0	0	1	0	0	0	1
0.33668	0.25341	0.84556	0.048353	1	0	0	0	1	0	0	0	1
0.34171	0.25341	0.84558	0.048331	1	0	0	0	1	0	0	0	1
0.34673	0.25343	0.84558	0.048302	1	0	0	0	1	0	0	0	1
0.35176	0.25344	0.84557	0.048309	1	0	0	0	1	0	0	0	1
0.35678	0.25346	0.8456	0.048293	1	0	0	0	1	0	0	0	1
0.36181	0.25347	0.84562	0.048289	1	0	0	0	1	0	0	0	1
0.36683	0.25346	0.84564	0.048318	1	0	0	0	1	0	0	0	1
0.37186	0.25345	0.84565	0.048301	1	0	0	0	1	0	0	0	1
0.37688	0.25347	0.84565	0.048268	1	0	0	0	1	0	0	0	1
0.38191	0.25349	0.84565	0.048292	1	0	0	0	1	0	0	0	1
0.38693	0.25349	0.84567	0.048293	1	0	0	0	1	0	0	0	1
0.39196	0.25351	0.8457	0.048254	1	0	0	0	1	0	0	0	1
0.39698	0.2535	0.8457	0.048254	1	0	0	0	1	0	0	0	1
0.40201	0.2535	0.8457	0.048263	1	0	0	0	1	0	0	0	1
0.40704	0.25352	0.8457	0.048266	1	0	0	0	1	0	0	0	1
0.41206	0.25352	0.8457	0.048262	1	0	0	0	1	0	0	0	1
0.41709	0.25352	0.8457	0.048267	1	0	0	0	1	0	0	0	1
0.42211	0.25351	0.8457	0.048258	1	0	0	0	1	0	0	0	1
0.42714	0.2535	0.8457	0.048258	1	0	0	0	1	0	0	0	1
0.43216	0.25349	0.84571	0.04825	1	0	0	0	1	0	0	0	1
0.43719	0.2535	0.8457	0.048255	1	0	0	0	1	0	0	0	1
0.44221	0.2535	0.8457	0.048261	1	0	0	0	1	0	0	0	1
0.44724	0.25349	0.8457	0.048247	1	0	0	0	1	0	0	0	1
0.45226	0.25348	0.8457	0.048258	1	0	0	0	1	0	0	0	1
0.45729	0.25348	0.8457	0.04826	1	0	0	0	1	0	0	0	1
0.46231	0.25348	0.84571	0.048257	1	0	0	0	1	0	0	0	1
0.46734	0.25346	0.8457	0.048262	1	0	0	0	1	0	0	0	1
0.47236	0.25345	0.84569	0.048271	1	0	0	0	1	0	0	0	1
0.47739	0.25345	0.84569	0.048287	1	0	0	0	1	0	0	0	1
0.48241	0.25343	0.84567	0.048307	1	0	0	0	1	0	0	0	1
0.48744	0.25343	0.84569	0.048298	1	0	0	0	1	0	0	0	1
0.49246	0.25342	0.84568	0.048295	1	0	0	0	1	0	0	0	1
0.49749	0.25341	0.84567	0.048304	1	0	0	0	1	0	0	0	1
0.50251	0.25341	0.84567	0.048304	1	0	0	0	1	0	0	0	1
0.50754	0.25341	0.84567	0.048297	1	0	0	0	1	0	0	0	1
0.51256	0.25339	0.84567	0.048282	1	0	0	0	1	0	0	0	1
0.51759	0.25337	0.84567	0.048303	1	0	0	0	1	0	0	0	1
0.52261	0.25337	0.84567	0.048332	1	0	0	0	1	0	0	0	1
0.52764	0.25337	0.84565	0.04832	1	0	0	0	1	0	0	0	1
0.53266	0.25335	0.84567	0.048321	1	0	0	0	1	0	0	0	1
0.53769	0.25335	0.84565	0.04832	1	0	0	0	1	0	0	0	1
0.54271	0.25335	0.84563	0.048308	1	0	0	0	1	0	0	0	1
0.54774	0.25335	0.84564	0.048334	1	0	0	0	1	0	0	0	1
0.55276	0.25334	0.84566	0.048336	1	0	0	0	1	0	0	0	1
0.55779	0.25334	0.84567	0.048327	1	0	0	0	1	0	0	0	1
0.56281	0.25334	0.84568	0.048334	1	0	0	0	1	0	0	0	1
0.56784	0.25335	0.84566	0.048323	1	0	0	0	1	0	0	0	1
0.57286	0.25334	0.84568	0.048302	1	0	0	0	1	0	0	0	1
0.57789	0.25335	0.84567	0.048294	1	0	0	0	1	0	0	0	1
0.58291	0.25336	0.84568	0.048303	1	0	0	0	1	0	0	0	1
0.58794	0.25336	0.8457	0.048279	1	0	0	0	1	0	0	0	1
0.59296	0.25338	0.8457	0.048279	1	0	0	0	1	0	0	0	1
0.59799	0.25339	0.84572	0.048268	1	0	0	0	1	0	0	0	1
0.60302	0.25347	0.84561	0.047926	1	0	0	0	1	0	0	0	1
0.60804	0.25347	0.84566	0.047979	1	0	0	0	1	0	0	0	1
0.61307	0.25344	0.84578	0.048187	1	0	0	0	1	0	0	0	1
0.61809	0.25352	0.84569	0.047859	1	0	0	0	1	0	0	0	1
0.62312	0.25359	0.84563	0.047586	1	0	0	0	1	0	0	0	1
0.62814	0.25362	0.84565	0.047566	1	0	0	0	1	0	0	0	1
0.63317	0.25362	0.84568	0.047554	1	0	0	0	1	0	0	0	1
0.63819	0.25364	0.84569	0.047533	1	0	0	0	1	0	0	0	1
0.64322	0.25366	0.84572	0.0475	1	0	0	0	1	0	0	0	1
0.64824	0.25368	0.84577	0.047458	1	0	0	0	1	0	0	0	1
0.65327	0.25371	0.84581	0.047439	1	0	0	0	1	0	0	0	1
0.65829	0.25374	0.84585	0.047415	1	0	0	0	1	0	0	0	1
0.66332	0.25376	0.84586	0.047387	1	0	0	0	1	0	0	0	1
0.66834	0.25379	0.84589	0.047319	1	0	0	0	1	0	0	0	1
0.67337	0.25384	0.84596	0.047291	1	0	0	0	1	0	0	0	1
0.67839	0.25387	0.846	0.047249	1	0	0	0	1	0	0	0	1
0.68342	0.25392	0.84603	0.04723	1	0	0	0	1	0	0	0	1
0.68844	0.25395	0.84605	0.04719	1	0	0	0	1	0	0	0	1
0.69347	0.25396	0.84606	0.047165	1	0	0	0	1	0	0	0	1
0.69849	0.25399	0.84608	0.047118	1	0	0	0	1	0	0	0	1
0.70352	0.25405	0.84612	0.047101	1	0	0	0	1	0	0	0	1
0.70854	0.25409	0.84612	0.047042	1	0	0	0	1	0	0	0	1
0.71357	0.25414	0.84615	0.04699	1	0	0	0	1	0	0	0	1
0.71859	0.25419	0.84619	0.046982	1	0	0	0	1	0	0	0	1
0.72362	0.25423	0.8462	0.046908	1	0	0	0	1	0	0	0	1
0.72864	0.2543	0.84624	0.046881	1	0	0	0	1	0	0	0	1
0.73367	0.25436	0.84626	0.046835	1	0	0	0	1	0	0	0	1
0.73869	0.25439	0.84632	0.046786	1	0	0	0	1	0	0	0	1
0.74372	0.25446	0.84638	0.04673	1	0	0	0	1	0	0	0	1
0.74874	0.25449	0.8464	0.046711	1	0	0	0	1	0	0	0	1
0.75377	0.25455	0.84643	0.046697	1	0	0	0	1	0	0	0	1
0.75879	0.25462	0.84647	0.046637	1	0	0	0	1	0	0	0	1
0.76382	0.25468	0.84647	0.04656	1	0	0	0	1	0	0	0	1
0.76884	0.25474	0.84648	0.046513	1	0	0	0	1	0	0	0	1
0.77387	0.25479	0.84652	0.046485	1	0	0	0	1	0	0	0	1
0.77889	0.25485	0.84653	0.046442	1	0	0	0	1	0	0	0	1
0.78392	0.2549	0.84654	0.046427	1	0	0	0	1	0	0	0	1
0.78894	0.25496	0.84657	0.046321	1	0	0	0	1	0	0	0	1
0.79397	0.25501	0.8466	0.046307	1	0	0	0	1	0	0	0	1
0.79899	0.25508	0.8466	0.046234	1	0	0	0	1	0	0	0	1
0.80402	0.25515	0.84661	0.046201	1	0	0	0	1	0	0	0	1
0.80905	0.25521	0.84661	0.04614	1	0	0	0	1	0	0	0	1
0.81407	0.25525	0.84664	0.046083	1	0	0	0	1	0	0	0	1
0.8191	0.25532	0.8467	0.045998	1	0	0	0	1	0	0	0	1
0.82412	0.2554	0.84667	0.045944	1	0	0	0	1	0	0	0	1
0.82915	0.25564	0.84671	0.045926	1	0	0	0	1	0	0	0	1
0.83417	0.25574	0.84672	0.045853	1	0	0	0	1	0	0	0	1
0.8392	0.2558	0.84672	0.04579	1	0	0	0	1	0	0	0	1
0.84422	0.25587	0.84668	0.045778	1	0	0	0	1	0	0	0	1
0.84925	0.25586	0.84662	0.045652	1	0	0	0	1	0	0	0	1
0.85427	0.25593	0.84668	0.04567	1	0	0	0	1	0	0	0	1
0.8593	0.25599	0.84669	0.045672	1	0	0	0	1	0	0	0	1
0.86432	0.25606	0.84671	0.045587	1	0	0	0	1	0	0	0	1
0.86935	0.25617	0.84667	0.045571	1	0	0	0	1	0	0	0	1
0.87437	0.25621	0.84669	0.045545	1	0	0	0	1	0	0	0	1
0.8794	0.2563	0.84668	0.045513	1	0	0	0	1	0	0	0	1
0.88442	0.25635	0.84674	0.045429	1	0	0	0	1	0	0	0	1
0.88945	0.25642	0.84675	0.045379	1	0	0	0	1	0	0	0	1
0.89447	0.2565	0.84676	0.045337	1	0	0	0	1	0	0	0	1
0.8995	0.25659	0.84678	0.04528	1	0	0	0	1	0	0	0	1
0.90452	0.25663	0.84685	0.045248	1	0	0	0	1	0	0	0	1
0.90955	0.2567	0.84684	0.0452	1	0	0	0	1	0	0	0	1
0.91457	0.25678	0.84687	0.045169	1	0	0	0	1	0	0	0	1
0.9196	0.25684	0.84687	0.045156	1	0	0	0	1	0	0	0	1
0.92462	0.25688	0.8469	0.045105	1	0	0	0	1	0	0	0	1
0.92965	0.25695	0.84688	0.045052	1	0	0	0	1	0	0	0	1
0.93467	0.257	0.84689	0.045021	1	0	0	0	1	0	0	0	1
0.9397	0.25702	0.84691	0.044962	1	0	0	0	1	0	0	0	1
0.94472	0.2571	0.84692	0.045001	1	0	0	0	1	0	0	0	1
0.94975	0.25718	0.84693	0.044953	1	0	0	0	1	0	0	0	1
0.95477	0.25723	0.84694	0.044921	1	0	0	0	1	0	0	0	1
0.9598	0.25725	0.84694	0.044922	1	0	0	0	1	0	0	0	1
0.96482	0.2573	0.84694	0.044864	1	0	0	0	1	0	0	0	1
0.96985	0.25735	0.84693	0.044826	1	0	0	0	1	0	0	0	1
0.97487	0.25721	0.8467	0.04465	1	0	0	0	1	0	0	0	1
0.9799	0.25737	0.84692	0.044754	1	0	0	0	1	0	0	0	1
0.98492	0.25729	0.84668	0.044561	1	0	0	0	1	0	0	0	1
0.98995	0.25743	0.8469	0.04467	1	0	0	0	1	0	0	0	1
0.99497	0.25747	0.8469	0.044681	1	0	0	0	1	0	0	0	1
1	0.25748	0.84687	0.044633	1	0	0	0	1	0	0	0	1
