0	0.25518	0.90041	0.031748	1	0	0	0	1	0	0	0	1
0.0050251	0.25516	0.9004	0.031714	1	0	0	0	1	0	0	0	1
0.01005	0.25515	0.90038	0.031727	1	0	0	0	1	0	0	0	1
0.015075	0.25515	0.9004	0.031744	1	0	0	0	1	0	0	0	1
0.020101	0.25515	0.90035	0.031734	1	0	0	0	1	0	0	0	1
0.025126	0.25515	0.90035	0.031731	1	0	0	0	1	0	0	0	1
0.030151	0.25514	0.90033	0.031718	1	0	0	0	1	0	0	0	1
0.035176	0.25515	0.90033	0.031713	1	0	0	0	1	0	0	0	1
0.040201	0.25515	0.90032	0.031755	1	0	0	0	1	0	0	0	1
0.045226	0.25515	0.90032	0.031738	1	0	0	0	1	0	0	0	1
0.050251	0.2551	0.9003	0.031744	1	0	0	0	1	0	0	0	1
0.055276	0.25513	0.90031	0.031779	1	0	0	0	1	0	0	0	1
0.060302	0.2551	0.90032	0.031725	1	0	0	0	1	0	0	0	1
0.065327	0.25512	0.90028	0.031778	1	0	0	0	1	0	0	0	1
0.070352	0.25511	0.90024	0.031778	1	0	0	0	1	0	0	0	1
0.075377	0.25508	0.90027	0.031765	1	0	0	0	1	0	0	0	1
0.080402	0.2551	0.90026	0.031796	1	0	0	0	1	0	0	0	1
0.085427	0.25509	0.90027	0.031779	1	0	0	0	1	0	0	0	1
0.090452	0.25508	0.90026	0.03177	1	0	0	0	1	0	0	0	1
0.095477	0.25509	0.90027	0.03181	1	0	0	0	1	0	0	0	1
0.1005	0.25508	0.90026	0.031829	1	0	0	0	1	0	0	0	1
0.10553	0.25507	0.90025	0.0318	1	0	0	0	1	0	0	0	1
0.11055	0.25508	0.90027	0.031786	1	0	0	0	1	0	0	0	1
0.11558	0.25508	0.90024	0.031776	1	0	0	0	1	0	0	0	1
0.1206	0.25508	0.90024	0.031782	1	0	0	0	1	0	0	0	1
0.12563	0.25508	0.90023	0.031791	1	0	0	0	1	0	0	0	1
0.13065	0.25508	0.90022	0.031761	1	0	0	0	1	0	0	0	1
0.13568	0.25509	0.90022	0.031775	1	0	0	0	1	0	0	0	1
0.1407	0.2551	0.90024	0.031787	1	0	0	0	1	0	0	0	1
0.14573	0.25508	0.90026	0.031789	1	0	0	0	1	0	0	0	1
0.15075	0.25509	0.90021	0.031793	1	0	0	0	1	0	0	0	1
0.15578	0.25507	0.90023	0.031771	1	0	0	0	1	0	0	0	1
0.1608	0.2551	0.90023	0.031782	1	0	0	0	1	0	0	0	1
0.16583	0.25511	0.90024	0.031789	1	0	0	0	1	0	0	0	1
0.17085	0.2551	0.90024	0.031792	1	0	0	0	1	0	0	0	1
0.17588	0.25511	0.90023	0.031778	1	0	0	0	1	0	0	0	1
0.1809	0.25511	0.90024	0.031778	1	0	0	0	1	0	0	0	1
0.18593	0.25509	0.90027	0.031787	1	0	0	0	1	0	0	0	1
0.19095	0.25511	0.90023	0.031777	1	0	0	0	1	0	0	0	1
0.19598	0.25511	0.90023	0.031777	1	0	0	0	1	0	0	0	1
0.20101	0.25511	0.90023	0.031773	1	0	0	0	1	0	0	0	1
0.20603	0.2551	0.90023	0.031749	1	0	0	0	1	0	0	0	1
0.21106	0.2551	0.90024	0.031756	1	0	0	0	1	0	0	0	1
0.21608	0.25511	0.90026	0.03176	1	0	0	0	1	0	0	0	1
0.22111	0.2551	0.90024	0.031761	1	0	0	0	1	0	0	0	1
0.22613	0.25512	0.90024	0.031775	1	0	0	0	1	0	0	0	1
0.23116	0.25517	0.90026	0.031768	1	0	0	0	1	0	0	0	1
0.23618	0.25518	0.90027	0.031748	1	0	0	0	1	0	0	0	1
0.24121	0.25515	0.9003	0.03174	1	0	0	0	1	0	0	0	1
0.24623	0.25516	0.90029	0.031716	1	0	0	0	1	0	0	0	1
0.25126	0.25519	0.90029	0.031724	1	0	0	0	1	0	0	0	1
0.25628	0.25518	0.90029	0.031727	1	0	0	0	1	0	0	0	1
0.26131	0.25518	0.9003	0.031735	1	0	0	0	1	0	0	0	1
0.26633	0.25518	0.90031	0.03172	1	0	0	0	1	0	0	0	1
0.27136	0.25518	0.90033	0.031741	1	0	0	0	1	0	0	0	1
0.27638	0.25521	0.90033	0.031748	1	0	0	0	1	0	0	0	1
0.28141	0.25521	0.90033	0.031721	1	0	0	0	1	0	0	0	1
0.28643	0.25523	0.90032	0.031732	1	0	0	0	1	0	0	0	1
0.29146	0.25524	0.90034	0.03174	1	0	0	0	1	0	0	0	1
0.29648	0.25527	0.90034	0.031734	1	0	0	0	1	0	0	0	1
0.30151	0.25525	0.90037	0.031662	1	0	0	0	1	0	0	0	1
0.30653	0.25526	0.90038	0.031654	1	0	0	0	1	0	0	0	1
0.31156	0.25527	0.9004	0.031654	1	0	0	0	1	0	0	0	1
0.31658	0.25527	0.90037	0.031661	1	0	0	0	1	0	0	0	1
0.32161	0.25529	0.90039	0.031643	1	0	0	0	1	0	0	0	1
0.32663	0.25531	0.90043	0.031612	1	0	0	0	1	0	0	0	1
0.33166	0.25532	0.90043	0.031606	1	0	0	0	1	0	0	0	1
0.33668	0.25533	0.90044	0.031599	1	0	0	0	1	0	0	0	1
0.34171	0.25534	0.90045	0.031615	1	0	0	0	1	0	0	0	1
0.34673	0.25536	0.90043	0.031619	1	0	0	0	1	0	0	0	1
0.35176	0.25537	0.90045	0.031606	1	0	0	0	1	0	0	0	1
0.35678	0.2554	0.90047	0.031584	1	0	0	0	1	0	0	0	1
0.36181	0.2554	0.90047	0.031574	1	0	0	0	1	0	0	0	1
0.36683	0.2554	0.90049	0.031581	1	0	0	0	1	0	0	0	1
0.37186	0.25541	0.90048	0.031567	1	0	0	0	1	0	0	0	1
0.37688	0.25541	0.90049	0.031574	1	0	0	0	1	0	0	0	1
0.38191	0.2554	0.9005	0.031579	1	0	0	0	1	0	0	0	1
0.38693	0.25541	0.90049	0.031576	1	0	0	0	1	0	0	0	1
0.39196	0.25541	0.90051	0.031599	1	0	0	0	1	0	0	0	1
0.39698	0.25543	0.90053	0.031603	1	0	0	0	1	0	0	0	1
0.40201	0.25544	0.90054	0.031586	1	0	0	0	1	0	0	0	1
0.40704	0.25545	0.90054	0.031538	1	0	0	0	1	0	0	0	1
0.41206	0.25545	0.90055	0.031512	1	0	0	0	1	0	0	0	1
0.41709	0.25545	0.90053	0.031528	1	0	0	0	1	0	0	0	1
0.42211	0.25543	0.90053	0.031527	1	0	0	0	1	0	0	0	1
0.42714	0.25544	0.90054	0.031526	1	0	0	0	1	0	0	0	1
0.43216	0.25544	0.90054	0.031512	1	0	0	0	1	0	0	0	1
0.43719	0.25543	0.90053	0.031535	1	0	0	0	1	0	0	0	1
0.44221	0.25541	0.90052	0.03154	1	0	0	0	1	0	0	0	1
0.44724	0.25542	0.90053	0.031559	1	0	0	0	1	0	0	0	1
0.45226	0.25541	0.90051	0.031548	1	0	0	0	1	0	0	0	1
0.45729	0.2554	0.90051	0.031531	1	0	0	0	1	0	0	0	1
0.46231	0.2554	0.90053	0.031557	1	0	0	0	1	0	0	0	1
0.46734	0.2554	0.90053	0.031559	1	0	0	0	1	0	0	0	1
0.47236	0.25539	0.90051	0.031558	1	0	0	0	1	0	0	0	1
0.47739	0.25538	0.90052	0.031552	1	0	0	0	1	0	0	0	1
0.48241	0.25537	0.90053	0.031562	1	0	0	0	1	0	0	0	1
0.48744	0.25538	0.90052	0.031571	1	0	0	0	1	0	0	0	1
0.49246	0.25538	0.90052	0.031559	1	0	0	0	1	0	0	0	1
0.49749	0.25537	0.90054	0.03155	1	0	0	0	1	0	0	0	1
0.50251	0.25538	0.90052	0.031551	1	0	0	0	1	0	0	0	1
0.50754	0.25538	0.9005	0.031572	1	0	0	0	1	0	0	0	1
0.51256	0.25535	0.90052	0.03159	1	0	0	0	1	0	0	0	1
0.51759	0.25534	0.90051	0.031572	1	0	0	0	1	0	0	0	1
0.52261	0.25535	0.90051	0.031568	1	0	0	0	1	0	0	0	1
0.52764	0.25535	0.9005	0.031567	1	0	0	0	1	0	0	0	1
0.53266	0.25533	0.9005	0.031571	1	0	0	0	1	0	0	0	1
0.53769	0.25535	0.90049	0.031573	1	0	0	0	1	0	0	0	1
0.54271	0.25537	0.90048	0.031563	1	0	0	0	1	0	0	0	1
0.54774	0.25534	0.9005	0.031582	1	0	0	0	1	0	0	0	1
0.55276	0.25535	0.9005	0.031588	1	0	0	0	1	0	0	0	1
0.55779	0.25535	0.9005	0.031566	1	0	0	0	1	0	0	0	1
0.56281	0.25536	0.90052	0.031566	1	0	0	0	1	0	0	0	1
0.56784	0.25537	0.90052	0.03156	1	0	0	0	1	0	0	0	1
0.57286	0.25538	0.9005	0.031548	1	0	0	0	1	0	0	0	1
0.57789	0.25538	0.90051	0.031559	1	0	0	0	1	0	0	0	1
0.58291	0.25537	0.90053	0.03157	1	0	0	0	1	0	0	0	1
0.58794	0.25537	0.90053	0.031572	1	0	0	0	1	0	0	0	1
0.59296	0.25539	0.90052	0.031545	1	0	0	0	1	0	0	0	1
0.59799	0.25543	0.90054	0.031514	1	0	0	0	1	0	0	0	1
0.60302	0.25544	0.90055	0.031501	1	0	0	0	1	0	0	0	1
0.60804	0.25545	0.90056	0.031507	1	0	0	0	1	0	0	0	1
0.61307	0.25549	0.90058	0.031506	1	0	0	0	1	0	0	0	1
0.61809	0.2555	0.9006	0.031503	1	0	0	0	1	0	0	0	1
0.62312	0.25554	0.9006	0.03146	1	0	0	0	1	0	0	0	1
0.62814	0.25555	0.90062	0.031468	1	0	0	0	1	0	0	0	1
0.63317	0.25554	0.90062	0.031469	1	0	0	0	1	0	0	0	1
0.63819	0.25557	0.90064	0.031449	1	0	0	0	1	0	0	0	1
0.64322	0.2556	0.90066	0.031439	1	0	0	0	1	0	0	0	1
0.64824	0.25563	0.90067	0.031413	1	0	0	0	1	0	0	0	1
0.65327	0.25568	0.90068	0.031399	1	0	0	0	1	0	0	0	1
0.65829	0.25572	0.90067	0.031361	1	0	0	0	1	0	0	0	1
0.66332	0.25573	0.90071	0.031379	1	0	0	0	1	0	0	0	1
0.66834	0.25573	0.9007	0.031379	1	0	0	0	1	0	0	0	1
0.67337	0.25574	0.90072	0.03139	1	0	0	0	1	0	0	0	1
0.67839	0.25579	0.90074	0.031387	1	0	0	0	1	0	0	0	1
0.68342	0.25583	0.90075	0.031384	1	0	0	0	1	0	0	0	1
0.68844	0.25584	0.90076	0.031359	1	0	0	0	1	0	0	0	1
0.69347	0.25587	0.90074	0.03129	1	0	0	0	1	0	0	0	1
0.69849	0.25592	0.90076	0.031291	1	0	0	0	1	0	0	0	1
0.70352	0.25597	0.9008	0.031293	1	0	0	0	1	0	0	0	1
0.70854	0.256	0.9008	0.031263	1	0	0	0	1	0	0	0	1
0.71357	0.25603	0.90081	0.031237	1	0	0	0	1	0	0	0	1
0.71859	0.25606	0.90081	0.0312	1	0	0	0	1	0	0	0	1
0.72362	0.25609	0.90083	0.031188	1	0	0	0	1	0	0	0	1
0.72864	0.25614	0.90083	0.031158	1	0	0	0	1	0	0	0	1
0.73367	0.25619	0.90085	0.031154	1	0	0	0	1	0	0	0	1
0.73869	0.25624	0.90087	0.03112	1	0	0	0	1	0	0	0	1
0.74372	0.25625	0.90087	0.031113	1	0	0	0	1	0	0	0	1
0.74874	0.25632	0.90091	0.031057	1	0	0	0	1	0	0	0	1
0.75377	0.25636	0.90093	0.031028	1	0	0	0	1	0	0	0	1
0.75879	0.25638	0.90093	0.030994	1	0	0	0	1	0	0	0	1
0.76382	0.25642	0.90093	0.030983	1	0	0	0	1	0	0	0	1
0.76884	0.25645	0.90098	0.030936	1	0	0	0	1	0	0	0	1
0.77387	0.25649	0.90099	0.030928	1	0	0	0	1	0	0	0	1
0.77889	0.25653	0.90099	0.030903	1	0	0	0	1	0	0	0	1
0.78392	0.25656	0.901	0.030884	1	0	0	0	1	0	0	0	1
0.78894	0.25658	0.90101	0.030856	1	0	0	0	1	0	0	0	1
0.79397	0.25662	0.90102	0.030833	1	0	0	0	1	0	0	0	1
0.79899	0.25666	0.90104	0.030832	1	0	0	0	1	0	0	0	1
0.80402	0.25668	0.90107	0.030785	1	0	0	0	1	0	0	0	1
0.80905	0.25671	0.90108	0.030748	1	0	0	0	1	0	0	0	1
0.81407	0.25675	0.90112	0.030738	1	0	0	0	1	0	0	0	1
0.8191	0.25677	0.90114	0.030694	1	0	0	0	1	0	0	0	1
0.82412	0.2568	0.90115	0.030681	1	0	0	0	1	0	0	0	1
0.82915	0.25683	0.90119	0.030654	1	0	0	0	1	0	0	0	1
0.83417	0.25685	0.90119	0.030633	1	0	0	0	1	0	0	0	1
0.8392	0.25689	0.90121	0.030616	1	0	0	0	1	0	0	0	1
0.84422	0.25692	0.90124	0.030567	1	0	0	0	1	0	0	0	1
0.84925	0.25695	0.90127	0.030542	1	0	0	0	1	0	0	0	1
0.85427	0.25695	0.90127	0.030538	1	0	0	0	1	0	0	0	1
0.8593	0.25698	0.90129	0.030523	1	0	0	0	1	0	0	0	1
0.86432	0.25699	0.90131	0.030519	1	0	0	0	1	0	0	0	1
0.86935	0.25703	0.90132	0.030508	1	0	0	0	1	0	0	0	1
0.87437	0.25705	0.90132	0.030497	1	0	0	0	1	0	0	0	1
0.8794	0.25705	0.90135	0.030472	1	0	0	0	1	0	0	0	1
0.88442	0.25709	0.90137	0.030448	1	0	0	0	1	0	0	0	1
0.88945	0.2571	0.90138	0.030388	1	0	0	0	1	0	0	0	1
0.89447	0.25714	0.90142	0.030354	1	0	0	0	1	0	0	0	1
0.8995	0.25716	0.90145	0.030339	1	0	0	0	1	0	0	0	1
0.90452	0.25717	0.90146	0.030333	1	0	0	0	1	0	0	0	1
0.90955	0.25722	0.90148	0.030272	1	0	0	0	1	0	0	0	1
0.91457	0.25723	0.90151	0.030292	1	0	0	0	1	0	0	0	1
0.9196	0.25722	0.9015	0.030298	1	0	0	0	1	0	0	0	1
0.92462	0.25725	0.90152	0.030236	1	0	0	0	1	0	0	0	1
0.92965	0.25725	0.90155	0.030262	1	0	0	0	1	0	0	0	1
0.93467	0.25726	0.90154	0.030228	1	0	0	0	1	0	0	0	1
0.9397	0.25725	0.90157	0.030215	1	0	0	0	1	0	0	0	1
0.94472	0.25727	0.90159	0.030194	1	0	0	0	1	0	0	0	1
0.94975	0.25728	0.90161	0.030172	1	0	0	0	1	0	0	0	1
0.95477	0.25732	0.90152	0.029965	1	0	0	0	1	0	0	0	1
0.9598	0.25737	0.9015	0.029964	1	0	0	0	1	0	0	0	1
0.96482	0.25735	0.90151	0.02997	1	0	0	0	1	0	0	0	1
0.96985	0.25733	0.90151	0.029934	1	0	0	0	1	0	0	0	1
0.97487	0.25737	0.90149	0.029935	1	0	0	0	1	0	0	0	1
0.9799	0.25738	0.90148	0.029908	1	0	0	0	1	0	0	0	1
0.98492	0.25736	0.90151	0.03002	1	0	0	0	1	0	0	0	1
0.98995	0.25738	0.90146	0.029924	1	0	0	0	1	0	0	0	1
0.99497	0.2574	0.9015	0.029935	1	0	0	0	1	0	0	0	1
1	0.2574	0.90149	0.030039	1	0	0	0	1	0	0	0	1
