0	0.70711	0	-1.8966e-011	0	0	1.8966e-007	0	0	0
0.001001	0.70711	0	-4.9103e-006	-0.00061536	0	0.04958	0	0	0
0.002002	0.70711	0	-1.9289e-005	-0.018294	0	0.19653	0	0	0
0.003003	0.70711	0	-4.2394e-005	-0.11758	0	0.43544	0	0	0
0.004004	0.70711	0	-7.3338e-005	-0.37107	0	0.75872	0	0	0
0.005005	0.70711	0	-0.00011141	-0.77007	0	1.1603	0	0	0
0.006006	0.70712	0	-0.0001562	-1.251	0	1.6369	0	0	0
0.007007	0.70713	0	-0.00020724	-1.7697	0	2.184	0	0	0
0.008008	0.70713	0	-0.00026381	-2.3114	0	2.7937	0	0	0
0.009009	0.70714	0	-0.00032498	-2.8751	0	3.4546	0	0	0
0.01001	0.70714	0	-0.0003896	-3.4602	0	4.1526	0	0	0
0.011011	0.70715	0	-0.00045641	-4.0603	0	4.8718	0	0	0
0.012012	0.70716	0	-0.0005241	-4.6637	0	5.5953	0	0	0
0.013013	0.70716	0	-0.00059133	-5.2568	0	6.3066	0	0	0
0.014014	0.70717	0	-0.00065681	-5.8262	0	6.9892	0	0	0
0.015015	0.70718	0	-0.00071928	-6.3592	0	7.628	0	0	0
0.016016	0.70718	0	-0.00077756	-6.8444	0	8.2092	0	0	0
0.017017	0.70719	0	-0.00083058	-7.272	0	8.7212	0	0	0
0.018018	0.7072	0	-0.00087741	-7.6345	0	9.1549	0	0	0
0.019019	0.7072	0	-0.00091723	-7.9258	0	9.503	0	0	0
0.02002	0.70721	0	-0.0009494	-8.1425	0	9.7613	0	0	0
0.021021	0.70722	0	-0.00097346	-8.2827	0	9.9278	0	0	0
0.022022	0.70722	0	-0.00098906	-8.3465	0	10.003	0	0	0
0.023023	0.70723	0	-0.00099608	-8.3358	0	9.9879	0	0	0
0.024024	0.70724	0	-0.00099454	-8.254	0	9.8879	0	0	0
0.025025	0.70724	0	-0.00098459	-8.1053	0	9.7078	0	0	0
0.026026	0.70725	0	-0.00096658	-7.8953	0	9.4542	0	0	0
0.027027	0.70725	0	-0.00094094	-7.6299	0	9.1343	0	0	0
0.028028	0.70726	0	-0.00090826	-7.3157	0	8.7562	0	0	0
0.029029	0.70727	0	-0.00086923	-6.9596	0	8.3279	0	0	0
0.03003	0.70727	0	-0.00082461	-6.5683	0	7.8578	0	0	0
0.031031	0.70728	0	-0.00077526	-6.1491	0	7.3545	0	0	0
0.032032	0.70729	0	-0.00072211	-5.7087	0	6.8263	0	0	0
0.033033	0.70729	0	-0.00066611	-5.254	0	6.2812	0	0	0
0.034034	0.7073	0	-0.00060827	-4.7918	0	5.7276	0	0	0
0.035035	0.70731	0	-0.00054958	-4.3287	0	5.1731	0	0	0
0.036036	0.70731	0	-0.00049107	-3.8712	0	4.6257	0	0	0
0.037037	0.70732	0	-0.00043374	-3.4256	0	4.0929	0	0	0
0.038038	0.70733	0	-0.00037857	-2.9983	0	3.5823	0	0	0
0.039039	0.70733	0	-0.0003265	-2.5954	0	3.1012	0	0	0
0.04004	0.70734	0	-0.00027843	-2.2231	0	2.6568	0	0	0
0.041041	0.70735	0	-0.00023513	-1.8871	0	2.2558	0	0	0
0.042042	0.70735	0	-0.00019737	-1.5931	0	1.9051	0	0	0
0.043043	0.70736	0	-0.00016577	-1.3462	0	1.6109	0	0	0
0.044044	0.70737	0	-0.00014089	-1.1516	0	1.3788	0	0	0
0.045045	0.70737	0	-0.00012313	-1.0133	0	1.2141	0	0	0
0.046046	0.70738	0	-0.00011292	-0.9357	0	1.1219	0	0	0
0.047047	0.70738	0	-0.00011032	-0.92082	0	1.1045	0	0	0
0.048048	0.70739	0	-0.00011533	-0.96998	0	1.1634	0	0	0
0.049049	0.7074	0	-0.00012782	-1.0837	0	1.2989	0	0	0
0.05005	0.7074	0	-0.00014766	-1.2622	0	1.511	0	0	0
0.051051	0.70741	0	-0.00017438	-1.5029	0	1.7959	0	0	0
0.052052	0.70742	0	-0.00020734	-1.801	0	2.1479	0	0	0
0.053053	0.70742	0	-0.00024606	-2.1523	0	2.5621	0	0	0
0.054054	0.70743	0	-0.00028965	-2.5486	0	3.0289	0	0	0
0.055055	0.70744	0	-0.00033728	-2.9819	0	3.539	0	0	0
0.056056	0.70744	0	-0.00038798	-3.4426	0	4.081	0	0	0
0.057057	0.70745	0	-0.00044075	-3.9204	0	4.6428	0	0	0
0.058058	0.70746	0	-0.00049451	-4.4044	0	5.2114	0	0	0
0.059059	0.70746	0	-0.0005482	-4.8838	0	5.774	0	0	0
0.06006	0.70747	0	-0.00060076	-5.3476	0	6.3176	0	0	0
0.061061	0.70748	0	-0.00065117	-5.7857	0	6.8304	0	0	0
0.062062	0.70748	0	-0.00069844	-6.1887	0	7.3012	0	0	0
0.063063	0.70749	0	-0.00074168	-6.5481	0	7.7202	0	0	0
0.064064	0.7075	0	-0.00078009	-6.8571	0	8.0795	0	0	0
0.065065	0.7075	0	-0.00081297	-7.1103	0	8.3727	0	0	0
0.066066	0.70751	0	-0.00083976	-7.3038	0	8.5954	0	0	0
0.067067	0.70752	0	-0.00086001	-7.4353	0	8.7451	0	0	0
0.068068	0.70752	0	-0.00087342	-7.5041	0	8.8209	0	0	0
0.069069	0.70753	0	-0.00087983	-7.5107	0	8.8237	0	0	0
0.07007	0.70754	0	-0.0008792	-7.457	0	8.7558	0	0	0
0.071071	0.70754	0	-0.00087163	-7.346	0	8.6209	0	0	0
0.072072	0.70755	0	-0.00085736	-7.1816	0	8.4236	0	0	0
0.073073	0.70756	0	-0.00083673	-6.9684	0	8.1695	0	0	0
0.074074	0.70756	0	-0.00081019	-6.7115	0	7.8646	0	0	0
0.075075	0.70757	0	-0.00077829	-6.4164	0	7.5156	0	0	0
0.076076	0.70758	0	-0.00074166	-6.0891	0	7.1295	0	0	0
0.077077	0.70758	0	-0.00070102	-5.7356	0	6.7133	0	0	0
0.078078	0.70759	0	-0.00065712	-5.3618	0	6.2742	0	0	0
0.079079	0.7076	0	-0.00061078	-4.974	0	5.8193	0	0	0
0.08008	0.7076	0	-0.00056284	-4.5784	0	5.3559	0	0	0
0.081081	0.70761	0	-0.00051415	-4.1808	0	4.8911	0	0	0
0.082082	0.70762	0	-0.00046559	-3.7875	0	4.4317	0	0	0
0.083083	0.70762	0	-0.00041801	-3.4042	0	3.9846	0	0	0
0.084084	0.70763	0	-0.00037225	-3.037	0	3.5567	0	0	0
0.085085	0.70764	0	-0.00032911	-2.6913	0	3.1544	0	0	0
0.086086	0.70764	0	-0.00028936	-2.373	0	2.7842	0	0	0
0.087087	0.70765	0	-0.00025365	-2.0868	0	2.4518	0	0	0
0.088088	0.70766	0	-0.00022265	-1.8383	0	2.1632	0	0	0
0.089089	0.70766	0	-0.00019691	-1.6319	0	1.9239	0	0	0
0.09009	0.70767	0	-0.00017685	-1.4717	0	1.7384	0	0	0
0.091091	0.70768	0	-0.00016283	-1.361	0	1.6106	0	0	0
0.092092	0.70768	0	-0.00015507	-1.3027	0	1.5437	0	0	0
0.093093	0.70769	0	-0.00015377	-1.2992	0	1.5405	0	0	0
0.094094	0.7077	0	-0.00015882	-1.3509	0	1.6012	0	0	0
0.095095	0.7077	0	-0.00017007	-1.4579	0	1.7251	0	0	0
0.096096	0.70771	0	-0.00018736	-1.62	0	1.9113	0	0	0
0.097097	0.70772	0	-0.00021024	-1.8343	0	2.1561	0	0	0
0.098098	0.70772	0	-0.00023829	-2.0974	0	2.4553	0	0	0
0.099099	0.70773	0	-0.00027086	-2.4036	0	2.8023	0	0	0
0.1001	0.70774	0	-0.00030728	-2.7464	0	3.1898	0	0	0
0.1011	0.70774	0	-0.00034681	-3.1181	0	3.6095	0	0	0
0.1021	0.70775	0	-0.00038861	-3.5103	0	4.0516	0	0	0
0.1031	0.70776	0	-0.0004318	-3.914	0	4.5061	0	0	0
0.1041	0.70776	0	-0.0004755	-4.3199	0	4.9624	0	0	0
0.10511	0.70777	0	-0.0005188	-4.7186	0	5.4098	0	0	0
0.10611	0.70778	0	-0.0005608	-5.1012	0	5.8381	0	0	0
0.10711	0.70778	0	-0.00060065	-5.4588	0	6.2375	0	0	0
0.10811	0.70779	0	-0.00063753	-5.7838	0	6.5992	0	0	0
0.10911	0.7078	0	-0.00067072	-6.0693	0	6.9157	0	0	0
0.11011	0.7078	0	-0.00069955	-6.3096	0	7.1806	0	0	0
0.11111	0.70781	0	-0.00072349	-6.5004	0	7.3891	0	0	0
0.11211	0.70782	0	-0.00074208	-6.6384	0	7.538	0	0	0
0.11311	0.70783	0	-0.000755	-6.7221	0	7.6254	0	0	0
0.11411	0.70783	0	-0.00076202	-6.751	0	7.6511	0	0	0
0.11512	0.70784	0	-0.00076307	-6.7258	0	7.616	0	0	0
0.11612	0.70785	0	-0.00075817	-6.6483	0	7.5224	0	0	0
0.11712	0.70785	0	-0.00074747	-6.5214	0	7.3737	0	0	0
0.11812	0.70786	0	-0.00073122	-6.3486	0	7.174	0	0	0
0.11912	0.70787	0	-0.00070976	-6.1341	0	6.9282	0	0	0
0.12012	0.70788	0	-0.00068356	-5.8827	0	6.6417	0	0	0
0.12112	0.70788	0	-0.00065314	-5.5996	0	6.3205	0	0	0
0.12212	0.70789	0	-0.00061911	-5.2902	0	5.9708	0	0	0
0.12312	0.7079	0	-0.00058211	-4.9602	0	5.5988	0	0	0
0.12412	0.7079	0	-0.00054287	-4.6154	0	5.2112	0	0	0
0.12513	0.70791	0	-0.00050212	-4.2615	0	4.8143	0	0	0
0.12613	0.70792	0	-0.00046062	-3.9045	0	4.4148	0	0	0
0.12713	0.70792	0	-0.00041916	-3.5504	0	4.0192	0	0	0
0.12813	0.70793	0	-0.0003785	-3.2047	0	3.6337	0	0	0
0.12913	0.70794	0	-0.00033941	-2.8735	0	3.265	0	0	0
0.13013	0.70795	0	-0.00030255	-2.5617	0	2.9184	0	0	0
0.13113	0.70795	0	-0.00026869	-2.2755	0	2.6005	0	0	0
0.13213	0.70796	0	-0.00023838	-2.0192	0	2.3164	0	0	0
0.13313	0.70797	0	-0.00021226	-1.7984	0	2.0719	0	0	0
0.13413	0.70797	0	-0.00019074	-1.6165	0	1.8711	0	0	0
0.13514	0.70798	0	-0.00017426	-1.4775	0	1.7185	0	0	0
0.13614	0.70799	0	-0.00016307	-1.3841	0	1.6169	0	0	0
0.13714	0.70799	0	-0.00015738	-1.3388	0	1.5693	0	0	0
0.13814	0.708	0	-0.0001573	-1.3433	0	1.5772	0	0	0
0.13914	0.70801	0	-0.00016276	-1.3984	0	1.6409	0	0	0
0.14014	0.70801	0	-0.00017351	-1.5031	0	1.7583	0	0	0
0.14114	0.70802	0	-0.0001894	-1.6577	0	1.9287	0	0	0
0.14214	0.70803	0	-0.00020993	-1.8584	0	2.1471	0	0	0
0.14314	0.70803	0	-0.0002347	-2.1022	0	2.4097	0	0	0
0.14414	0.70804	0	-0.00026315	-2.3835	0	2.7105	0	0	0
0.14515	0.70805	0	-0.00029459	-2.695	0	3.0422	0	0	0
0.14615	0.70806	0	-0.00032833	-3.0293	0	3.397	0	0	0
0.14715	0.70806	0	-0.00036363	-3.3783	0	3.7664	0	0	0
0.14815	0.70807	0	-0.0003997	-3.7334	0	4.1415	0	0	0
0.14915	0.70808	0	-0.00043573	-4.0858	0	4.513	0	0	0
0.15015	0.70808	0	-0.00047093	-4.4271	0	4.8718	0	0	0
0.15115	0.70809	0	-0.00050452	-4.7491	0	5.2093	0	0	0
0.15215	0.7081	0	-0.00053576	-5.0443	0	5.5174	0	0	0
0.15315	0.70811	0	-0.00056396	-5.3057	0	5.7889	0	0	0
0.15415	0.70811	0	-0.00058851	-5.5276	0	6.0178	0	0	0
0.15516	0.70812	0	-0.0006089	-5.7054	0	6.1995	0	0	0
0.15616	0.70813	0	-0.00062467	-5.8355	0	6.3302	0	0	0
0.15716	0.70814	0	-0.00063552	-5.9159	0	6.408	0	0	0
0.15816	0.70814	0	-0.00064122	-5.9456	0	6.4321	0	0	0
0.15916	0.70815	0	-0.00064167	-5.9247	0	6.4028	0	0	0
0.16016	0.70816	0	-0.00063687	-5.8546	0	6.3219	0	0	0
0.16116	0.70817	0	-0.00062695	-5.7376	0	6.1919	0	0	0
0.16216	0.70818	0	-0.00061213	-5.5769	0	6.0164	0	0	0
0.16316	0.70818	0	-0.00059271	-5.3763	0	5.7995	0	0	0
0.16416	0.70819	0	-0.00056913	-5.1405	0	5.5464	0	0	0
0.16517	0.7082	0	-0.00054186	-4.8743	0	5.2622	0	0	0
0.16617	0.70821	0	-0.00051147	-4.5832	0	4.9526	0	0	0
0.16717	0.70821	0	-0.00047858	-4.2727	0	4.6237	0	0	0
0.16817	0.70822	0	-0.00044385	-3.9488	0	4.2816	0	0	0
0.16917	0.70823	0	-0.00040798	-3.6173	0	3.9325	0	0	0
0.17017	0.70824	0	-0.0003717	-3.2844	0	3.5826	0	0	0
0.17117	0.70824	0	-0.00033574	-2.956	0	3.2382	0	0	0
0.17217	0.70825	0	-0.00030081	-2.6383	0	2.9055	0	0	0
0.17317	0.70826	0	-0.00026759	-2.3367	0	2.5902	0	0	0
0.17417	0.70827	0	-0.00023682	-2.0575	0	2.2987	0	0	0
0.17518	0.70827	0	-0.00020905	-1.8054	0	2.0361	0	0	0
0.17618	0.70828	0	-0.00018485	-1.5854	0	1.8075	0	0	0
0.17718	0.70829	0	-0.00016477	-1.4021	0	1.6183	0	0	0
0.17818	0.70829	0	-0.00014912	-1.2585	0	1.4715	0	0	0
0.17918	0.7083	0	-0.00013827	-1.1577	0	1.3712	0	0	0
0.18018	0.70831	0	-0.0001324	-1.1017	0	1.3196	0	0	0
0.18118	0.70831	0	-0.00013154	-1.0916	0	1.3176	0	0	0
0.18218	0.70832	0	-0.00013564	-1.1281	0	1.3654	0	0	0
0.18318	0.70833	0	-0.00014455	-1.2121	0	1.4618	0	0	0
0.18418	0.70833	0	-0.00015798	-1.3431	0	1.6044	0	0	0
0.18519	0.70834	0	-0.00017546	-1.5186	0	1.7887	0	0	0
0.18619	0.70835	0	-0.00019661	-1.7357	0	2.0109	0	0	0
0.18719	0.70835	0	-0.00022081	-1.9882	0	2.2645	0	0	0
0.18819	0.70836	0	-0.00024746	-2.2689	0	2.5432	0	0	0
0.18919	0.70837	0	-0.00027593	-2.5701	0	2.8397	0	0	0
0.19019	0.70837	0	-0.00030549	-2.883	0	3.1462	0	0	0
0.19119	0.70838	0	-0.00033544	-3.199	0	3.4547	0	0	0
0.19219	0.70839	0	-0.00036503	-3.5095	0	3.7569	0	0	0
0.19319	0.7084	0	-0.00039356	-3.8065	0	4.0449	0	0	0
0.19419	0.70841	0	-0.00042031	-4.0819	0	4.311	0	0	0
0.1952	0.70841	0	-0.00044464	-4.329	0	4.5485	0	0	0
0.1962	0.70842	0	-0.00046596	-4.5414	0	4.7512	0	0	0
0.1972	0.70843	0	-0.00048374	-4.714	0	4.9143	0	0	0
0.1982	0.70844	0	-0.00049755	-4.8428	0	5.034	0	0	0
0.1992	0.70845	0	-0.00050706	-4.9251	0	5.1077	0	0	0
0.2002	0.70845	0	-0.00051202	-4.9592	0	5.1341	0	0	0
0.2012	0.70846	0	-0.00051233	-4.9451	0	5.1132	0	0	0
0.2022	0.70847	0	-0.00050797	-4.8835	0	5.0461	0	0	0
0.2032	0.70848	0	-0.00049902	-4.7764	0	4.9348	0	0	0
0.2042	0.70849	0	-0.0004857	-4.6267	0	4.7825	0	0	0
0.20521	0.7085	0	-0.00046829	-4.4382	0	4.5929	0	0	0
0.20621	0.7085	0	-0.0004472	-4.2154	0	4.3705	0	0	0
0.20721	0.70851	0	-0.00042289	-3.9634	0	4.1205	0	0	0
0.20821	0.70852	0	-0.00039591	-3.6876	0	3.8482	0	0	0
0.20921	0.70853	0	-0.00036686	-3.394	0	3.5594	0	0	0
0.21021	0.70854	0	-0.00033639	-3.0887	0	3.2602	0	0	0
0.21121	0.70855	0	-0.00030519	-2.7781	0	2.9566	0	0	0
0.21221	0.70855	0	-0.00027395	-2.4687	0	2.6548	0	0	0
0.21321	0.70856	0	-0.00024335	-2.1668	0	2.3607	0	0	0
0.21421	0.70857	0	-0.00021413	-1.879	0	2.0809	0	0	0
0.21522	0.70857	0	-0.00018693	-1.6113	0	1.821	0	0	0
0.21622	0.70858	0	-0.00016237	-1.3693	0	1.5865	0	0	0
0.21722	0.70859	0	-0.000141	-1.158	0	1.3826	0	0	0
0.21822	0.70859	0	-0.00012333	-0.98161	0	1.2141	0	0	0
0.21922	0.7086	0	-0.00010977	-0.8431	0	1.0853	0	0	0
0.22022	0.70861	0	-0.00010059	-0.74397	0	0.99903	0	0	0
0.22122	0.70861	0	-9.5952e-005	-0.68503	0	0.95736	0	0	0
0.22222	0.70862	0	-9.5876e-005	-0.66663	0	0.96092	0	0	0
0.22322	0.70862	0	-0.00010018	-0.68913	0	1.0084	0	0	0
0.22422	0.70863	0	-0.00010866	-0.75468	0	1.098	0	0	0
0.22523	0.70863	0	-0.00012085	-0.86393	0	1.2255	0	0	0
0.22623	0.70864	0	-0.00013634	-1.0168	0	1.3867	0	0	0
0.22723	0.70864	0	-0.00015457	-1.209	0	1.5758	0	0	0
0.22823	0.70865	0	-0.00017496	-1.4336	0	1.787	0	0	0
0.22923	0.70865	0	-0.00019692	-1.6814	0	2.0138	0	0	0
0.23023	0.70866	0	-0.00021983	-1.943	0	2.2495	0	0	0
0.23123	0.70867	0	-0.00024307	-2.2091	0	2.4873	0	0	0
0.23223	0.70867	0	-0.00026599	-2.471	0	2.7203	0	0	0
0.23323	0.70868	0	-0.00028798	-2.7207	0	2.9416	0	0	0
0.23423	0.70869	0	-0.00030843	-2.951	0	3.1449	0	0	0
0.23524	0.7087	0	-0.00032676	-3.1551	0	3.324	0	0	0
0.23624	0.7087	0	-0.00034249	-3.3278	0	3.4743	0	0	0
0.23724	0.70871	0	-0.00035514	-3.4639	0	3.5911	0	0	0
0.23824	0.70872	0	-0.00036437	-3.5603	0	3.6715	0	0	0
0.23924	0.70873	0	-0.00036995	-3.6149	0	3.7136	0	0	0
0.24024	0.70874	0	-0.00037162	-3.6259	0	3.716	0	0	0
0.24124	0.70875	0	-0.00036943	-3.5943	0	3.6797	0	0	0
0.24224	0.70875	0	-0.00036333	-3.5205	0	3.6051	0	0	0
0.24324	0.70876	0	-0.00035355	-3.4072	0	3.4953	0	0	0
0.24424	0.70877	0	-0.00034029	-3.2571	0	3.3531	0	0	0
0.24525	0.70878	0	-0.0003239	-3.0739	0	3.1821	0	0	0
0.24625	0.70879	0	-0.00030481	-2.8625	0	2.9871	0	0	0
0.24725	0.70879	0	-0.00028351	-2.6281	0	2.7728	0	0	0
0.24825	0.7088	0	-0.00026054	-2.3768	0	2.5446	0	0	0
0.24925	0.70881	0	-0.00023649	-2.1149	0	2.3078	0	0	0
0.25025	0.70882	0	-0.00021196	-1.8491	0	2.0682	0	0	0
0.25125	0.70882	0	-0.0001876	-1.5864	0	1.8315	0	0	0
0.25225	0.70883	0	-0.00016407	-1.3337	0	1.6036	0	0	0
0.25325	0.70884	0	-0.00014197	-1.0973	0	1.3901	0	0	0
0.25425	0.70884	0	-0.00012191	-0.88315	0	1.1965	0	0	0
0.25526	0.70885	0	-0.00010442	-0.69611	0	1.0278	0	0	0
0.25626	0.70885	0	-8.9981e-005	-0.53951	0	0.88862	0	0	0
0.25726	0.70885	0	-7.8984e-005	-0.41467	0	0.78286	0	0	0
0.25826	0.70886	0	-7.1695e-005	-0.32083	0	0.71334	0	0	0
0.25926	0.70886	0	-6.8236e-005	-0.25575	0	0.68154	0	0	0
0.26026	0.70886	0	-6.8544e-005	-0.21735	0	0.68715	0	0	0
0.26126	0.70886	0	-7.2361e-005	-0.20584	0	0.72785	0	0	0
0.26226	0.70886	0	-7.9365e-005	-0.2256	0	0.80061	0	0	0
0.26326	0.70886	0	-8.8968e-005	-0.28139	0	0.89957	0	0	0
0.26426	0.70887	0	-0.00010061	-0.37633	0	1.019	0	0	0
0.26527	0.70887	0	-0.0001137	-0.50765	0	1.153	0	0	0
0.26627	0.70887	0	-0.00012772	-0.66721	0	1.2961	0	0	0
0.26727	0.70887	0	-0.00014216	-0.8435	0	1.4428	0	0	0
0.26827	0.70888	0	-0.00015655	-1.0254	0	1.5885	0	0	0
0.26927	0.70888	0	-0.00017046	-1.2034	0	1.7285	0	0	0
0.27027	0.70889	0	-0.00018347	-1.37	0	1.8584	0	0	0
0.27127	0.70889	0	-0.00019519	-1.5194	0	1.9743	0	0	0
0.27227	0.7089	0	-0.00020526	-1.6469	0	2.0725	0	0	0
0.27327	0.7089	0	-0.00021337	-1.7489	0	2.1499	0	0	0
0.27427	0.70891	0	-0.00021926	-1.8226	0	2.2042	0	0	0
0.27528	0.70891	0	-0.00022274	-1.8659	0	2.2337	0	0	0
0.27628	0.70892	0	-0.00022369	-1.8779	0	2.2375	0	0	0
0.27728	0.70892	0	-0.00022205	-1.8585	0	2.2155	0	0	0
0.27828	0.70893	0	-0.00021787	-1.8083	0	2.1683	0	0	0
0.27928	0.70893	0	-0.00021125	-1.7291	0	2.0975	0	0	0
0.28028	0.70894	0	-0.00020238	-1.6234	0	2.0052	0	0	0
0.28128	0.70894	0	-0.00019152	-1.4947	0	1.8942	0	0	0
0.28228	0.70895	0	-0.00017899	-1.3472	0	1.7676	0	0	0
0.28328	0.70895	0	-0.00016519	-1.1855	0	1.6296	0	0	0
0.28428	0.70896	0	-0.00015051	-1.0151	0	1.4839	0	0	0
0.28529	0.70896	0	-0.00013544	-0.84154	0	1.3351	0	0	0
0.28629	0.70896	0	-0.00012044	-0.67066	0	1.1877	0	0	0
0.28729	0.70896	0	-0.00010602	-0.50806	0	1.0464	0	0	0
0.28829	0.70896	0	-9.267e-005	-0.35872	0	0.91585	0	0	0
0.28929	0.70897	0	-8.0822e-005	-0.22639	0	0.80018	0	0	0
0.29029	0.70896	0	-7.0883e-005	-0.11312	0	0.70329	0	0	0
0.29129	0.70896	0	-6.3213e-005	-0.018678	0	0.62871	0	0	0
0.29229	0.70896	0	-5.8019e-005	0.059503	0	0.57856	0	0	0
0.29329	0.70896	0	-5.5388e-005	0.12541	0	0.55375	0	0	0
0.29429	0.70895	0	-5.525e-005	0.18264	0	0.55372	0	0	0
0.2953	0.70895	0	-5.7361e-005	0.23238	0	0.57607	0	0	0
0.2963	0.70894	0	-6.1269e-005	0.27233	0	0.61632	0	0	0
0.2973	0.70894	0	-6.6495e-005	0.29703	0	0.66958	0	0	0
0.2983	0.70893	0	-7.2423e-005	0.30076	0	0.72962	0	0	0
0.2993	0.70893	0	-7.8506e-005	0.28062	0	0.79087	0	0	0
0.3003	0.70892	0	-8.4275e-005	0.23908	0	0.84861	0	0	0
0.3013	0.70892	0	-8.9382e-005	0.18371	0	0.89936	0	0	0
0.3023	0.70891	0	-9.357e-005	0.12444	0	0.94061	0	0	0
0.3033	0.70891	0	-9.6692e-005	0.070179	0	0.97098	0	0	0
0.3043	0.70891	0	-9.8673e-005	0.02717	0	0.98979	0	0	0
0.30531	0.7089	0	-9.9493e-005	-0.00042285	0	0.99694	0	0	0
0.30631	0.7089	0	-9.9187e-005	-0.013518	0	0.99284	0	0	0
0.30731	0.7089	0	-9.7798e-005	-0.010502	0	0.978	0	0	0
0.30831	0.70889	0	-9.5426e-005	0.0065513	0	0.95347	0	0	0
0.30931	0.70889	0	-9.2188e-005	0.035582	0	0.92046	0	0	0
0.31031	0.70888	0	-8.8244e-005	0.074233	0	0.8806	0	0	0
0.31131	0.70888	0	-8.3777e-005	0.1199	0	0.83573	0	0	0
0.31231	0.70887	0	-7.8966e-005	0.16978	0	0.78763	0	0	0
0.31331	0.70887	0	-7.4027e-005	0.22128	0	0.73842	0	0	0
0.31431	0.70886	0	-6.9198e-005	0.27221	0	0.69046	0	0	0
0.31532	0.70885	0	-6.4673e-005	0.32058	0	0.64564	0	0	0
0.31632	0.70884	0	-6.0656e-005	0.36513	0	0.60596	0	0	0
0.31732	0.70883	0	-5.7307e-005	0.40516	0	0.573	0	0	0
0.31832	0.70882	0	-5.4788e-005	0.44081	0	0.54834	0	0	0
0.31932	0.70881	0	-5.3132e-005	0.47187	0	0.53231	0	0	0
0.32032	0.70879	0	-5.2374e-005	0.49848	0	0.52524	0	0	0
0.32132	0.70878	0	-5.247e-005	0.52015	0	0.52669	0	0	0
0.32232	0.70876	0	-5.3302e-005	0.53548	0	0.53548	0	0	0
0.32332	0.70874	0	-5.4715e-005	0.54996	0	0.55002	0	0	0
0.32432	0.70872	0	-5.6532e-005	0.56831	0	0.56852	0	0	0
0.32533	0.7087	0	-5.8477e-005	0.58773	0	0.58817	0	0	0
0.32633	0.70868	0	-6.0298e-005	0.6057	0	0.60643	0	0	0
0.32733	0.70866	0	-6.1751e-005	0.61978	0	0.62086	0	0	0
0.32833	0.70863	0	-6.2631e-005	0.62794	0	0.62941	0	0	0
0.32933	0.70861	0	-6.2815e-005	0.62899	0	0.63092	0	0	0
0.33033	0.70858	0	-6.2282e-005	0.62277	0	0.62525	0	0	0
0.33133	0.70856	0	-6.1089e-005	0.60987	0	0.61302	0	0	0
0.33233	0.70853	0	-5.9379e-005	0.59174	0	0.59575	0	0	0
0.33333	0.7085	0	-5.7371e-005	0.57054	0	0.57563	0	0	0
0.33433	0.70846	0	-5.532e-005	0.54878	0	0.55523	0	0	0
0.33534	0.70843	0	-5.3482e-005	0.52895	0	0.53709	0	0	0
0.33634	0.70839	0	-5.208e-005	0.51321	0	0.52341	0	0	0
0.33734	0.70835	0	-5.1309e-005	0.50342	0	0.51615	0	0	0
0.33834	0.70831	0	-5.1238e-005	0.50016	0	0.51594	0	0	0
0.33934	0.70827	0	-5.1888e-005	0.50354	0	0.52299	0	0	0
0.34034	0.70822	0	-5.3151e-005	0.51244	0	0.53618	0	0	0
0.34134	0.70817	0	-5.4881e-005	0.52536	0	0.55399	0	0	0
0.34234	0.70811	0	-5.6834e-005	0.53991	0	0.57395	0	0	0
0.34334	0.70806	0	-5.8758e-005	0.55368	0	0.59349	0	0	0
0.34434	0.708	0	-6.0421e-005	0.5645	0	0.61027	0	0	0
0.34535	0.70794	0	-6.1595e-005	0.57032	0	0.62201	0	0	0
0.34635	0.70787	0	-6.2135e-005	0.56984	0	0.62728	0	0	0
0.34735	0.7078	0	-6.1975e-005	0.5626	0	0.62549	0	0	0
0.34835	0.70773	0	-6.1153e-005	0.54907	0	0.61707	0	0	0
0.34935	0.70766	0	-5.9766e-005	0.53025	0	0.60305	0	0	0
0.35035	0.70758	0	-5.7994e-005	0.50793	0	0.58529	0	0	0
0.35135	0.7075	0	-5.6069e-005	0.48426	0	0.56612	0	0	0
0.35235	0.70741	0	-5.4239e-005	0.46147	0	0.54804	0	0	0
0.35335	0.70732	0	-5.2733e-005	0.44158	0	0.53333	0	0	0
0.35435	0.70723	0	-5.1736e-005	0.4261	0	0.52385	0	0	0
0.35536	0.70713	0	-5.1404e-005	0.41621	0	0.52113	0	0	0
0.35636	0.70703	0	-5.1737e-005	0.4118	0	0.52517	0	0	0
0.35736	0.70692	0	-5.2715e-005	0.41257	0	0.53574	0	0	0
0.35836	0.7068	0	-5.4205e-005	0.4174	0	0.55148	0	0	0
0.35936	0.70668	0	-5.6003e-005	0.42469	0	0.57029	0	0	0
0.36036	0.70655	0	-5.791e-005	0.43299	0	0.59012	0	0	0
0.36136	0.70642	0	-5.9656e-005	0.44041	0	0.60821	0	0	0
0.36236	0.70629	0	-6.1018e-005	0.44549	0	0.62228	0	0	0
0.36336	0.70614	0	-6.1814e-005	0.44718	0	0.63054	0	0	0
0.36436	0.70599	0	-6.1928e-005	0.4449	0	0.63182	0	0	0
0.36537	0.70584	0	-6.1323e-005	0.43866	0	0.62578	0	0	0
0.36637	0.70568	0	-6.0044e-005	0.42906	0	0.61294	0	0	0
0.36737	0.70551	0	-5.823e-005	0.41633	0	0.59475	0	0	0
0.36837	0.70533	0	-5.6052e-005	0.40107	0	0.57296	0	0	0
0.36937	0.70515	0	-5.3738e-005	0.38493	0	0.5499	0	0	0
0.37037	0.70496	0	-5.1528e-005	0.36961	0	0.52801	0	0	0
0.37137	0.70476	0	-4.9678e-005	0.35692	0	0.50988	0	0	0
0.37237	0.70455	0	-4.8341e-005	0.34794	0	0.49705	0	0	0
0.37337	0.70434	0	-4.7631e-005	0.3435	0	0.49071	0	0	0
0.37437	0.70411	0	-4.7618e-005	0.34409	0	0.49156	0	0	0
0.37538	0.70387	0	-4.821e-005	0.34905	0	0.49865	0	0	0
0.37638	0.70363	0	-4.932e-005	0.35776	0	0.51109	0	0	0
0.37738	0.70337	0	-5.0709e-005	0.36847	0	0.52639	0	0	0
0.37838	0.7031	0	-5.2191e-005	0.37984	0	0.54262	0	0	0
0.37938	0.70282	0	-5.3481e-005	0.38977	0	0.55681	0	0	0
0.38038	0.70253	0	-5.4362e-005	0.3967	0	0.56672	0	0	0
0.38138	0.70223	0	-5.4681e-005	0.39953	0	0.57076	0	0	0
0.38238	0.70192	0	-5.4312e-005	0.39733	0	0.56762	0	0	0
0.38338	0.70159	0	-5.3234e-005	0.38998	0	0.55712	0	0	0
0.38438	0.70125	0	-5.1512e-005	0.37796	0	0.53994	0	0	0
0.38539	0.7009	0	-4.9286e-005	0.36229	0	0.51756	0	0	0
0.38639	0.70053	0	-4.6763e-005	0.34448	0	0.49212	0	0	0
0.38739	0.70014	0	-4.4204e-005	0.32644	0	0.46634	0	0	0
0.38839	0.69974	0	-4.1807e-005	0.3096	0	0.44228	0	0	0
0.38939	0.69932	0	-3.9841e-005	0.29595	0	0.42278	0	0	0
0.39039	0.69888	0	-3.8423e-005	0.28636	0	0.40908	0	0	0
0.39139	0.69843	0	-3.7662e-005	0.28166	0	0.40237	0	0	0
0.39239	0.69795	0	-3.7574e-005	0.28199	0	0.40285	0	0	0
0.39339	0.69746	0	-3.8047e-005	0.28655	0	0.40936	0	0	0
0.39439	0.69694	0	-3.8916e-005	0.29411	0	0.42016	0	0	0
0.3954	0.6964	0	-3.9957e-005	0.30301	0	0.43287	0	0	0
0.3964	0.69584	0	-4.0945e-005	0.31153	0	0.44504	0	0	0
0.3974	0.69525	0	-4.1614e-005	0.31764	0	0.45377	0	0	0
0.3984	0.69464	0	-4.174e-005	0.31964	0	0.45662	0	0	0
0.3994	0.694	0	-4.1215e-005	0.31666	0	0.45237	0	0	0
0.4004	0.69334	0	-3.9957e-005	0.30805	0	0.44008	0	0	0
0.4014	0.69264	0	-3.7993e-005	0.294	0	0.41999	0	0	0
0.4024	0.69191	0	-3.549e-005	0.27573	0	0.3939	0	0	0
0.4034	0.69115	0	-3.2608e-005	0.25446	0	0.36351	0	0	0
0.4044	0.69036	0	-2.9604e-005	0.23212	0	0.3316	0	0	0
0.40541	0.68953	0	-2.6749e-005	0.21083	0	0.30118	0	0	0
0.40641	0.68866	0	-2.4288e-005	0.19249	0	0.27499	0	0	0
0.40741	0.68775	0	-2.2409e-005	0.17865	0	0.25521	0	0	0
0.40841	0.6868	0	-2.1215e-005	0.17017	0	0.24309	0	0	0
0.40941	0.68581	0	-2.0714e-005	0.16719	0	0.23884	0	0	0
0.41041	0.68477	0	-2.0867e-005	0.16949	0	0.24213	0	0	0
0.41141	0.68368	0	-2.1445e-005	0.1753	0	0.25043	0	0	0
0.41241	0.68254	0	-2.2204e-005	0.18266	0	0.26095	0	0	0
0.41341	0.68135	0	-2.2918e-005	0.18973	0	0.27104	0	0	0
0.41441	0.6801	0	-2.3274e-005	0.19391	0	0.27701	0	0	0
0.41542	0.67879	0	-2.3049e-005	0.19327	0	0.27611	0	0	0
0.41642	0.67742	0	-2.2121e-005	0.18672	0	0.26674	0	0	0
0.41742	0.67598	0	-2.0458e-005	0.17387	0	0.24839	0	0	0
0.41842	0.67447	0	-1.8106e-005	0.15499	0	0.22141	0	0	0
0.41942	0.67289	0	-1.5257e-005	0.13159	0	0.18799	0	0	0
0.42042	0.67123	0	-1.2187e-005	0.10597	0	0.15138	0	0	0
0.42142	0.66949	0	-9.1743e-006	0.08045	0	0.11493	0	0	0
0.42242	0.66767	0	-6.5271e-006	0.05775	0	0.0825	0	0	0
0.42342	0.66576	0	-4.541e-006	0.040554	0	0.057934	0	0	0
0.42442	0.66375	0	-3.3542e-006	0.030244	0	0.043206	0	0	0
0.42543	0.66164	0	-3.0304e-006	0.027594	0	0.03942	0	0	0
0.42643	0.65942	0	-3.503e-006	0.032216	0	0.046023	0	0	0
0.42743	0.6571	0	-4.5843e-006	0.042583	0	0.060833	0	0	0
0.42843	0.65465	0	-5.9938e-006	0.056236	0	0.080337	0	0	0
0.42943	0.65209	0	-7.4042e-006	0.070165	0	0.10024	0	0	0
0.43043	0.64939	0	-8.4938e-006	0.081301	0	0.11614	0	0	0
0.43143	0.64655	0	-9.0029e-006	0.08705	0	0.12436	0	0	0
0.43243	0.64357	0	-8.7814e-006	0.085786	0	0.12255	0	0	0
0.43343	0.64044	0	-7.82e-006	0.077204	0	0.11029	0	0	0
0.43443	0.63714	0	-6.2588e-006	0.062468	0	0.08924	0	0	0
0.43544	0.63367	0	-4.3689e-006	0.0441	0	0.063001	0	0	0
0.43644	0.63002	0	-2.5099e-006	0.025634	0	0.03662	0	0	0
0.43744	0.62618	0	-1.0679e-006	0.01104	0	0.015771	0	0	0
0.43844	0.62213	0	-3.9171e-007	0.0041003	0	0.0058576	0	0	0
0.43944	0.61788	0	-7.7546e-007	0.0082214	0	0.011745	0	0	0
0.44044	0.6134	0	-2.3069e-006	0.024774	0	0.035392	0	0	0
0.44144	0.60868	0	-4.9105e-006	0.053423	0	0.076319	0	0	0
0.44244	0.60371	0	-8.4289e-006	0.092895	0	0.13271	0	0	0
0.44344	0.59847	0	-1.2473e-005	0.13924	0	0.19891	0	0	0
0.44444	0.59295	0	-1.6658e-005	0.18836	0	0.26908	0	0	0
0.44545	0.58712	0	-2.0623e-005	0.23618	0	0.3374	0	0	0
0.44645	0.58098	0	-2.4099e-005	0.27954	0	0.39934	0	0	0
0.44745	0.5745	0	-2.6976e-005	0.31698	0	0.45283	0	0	0
0.44845	0.56765	0	-2.9364e-005	0.3496	0	0.49943	0	0	0
0.44945	0.56042	0	-3.1537e-005	0.38054	0	0.54363	0	0	0
0.45045	0.55278	0	-3.3953e-005	0.41534	0	0.59335	0	0	0
0.45145	0.54471	0	-3.7108e-005	0.46034	0	0.65764	0	0	0
0.45245	0.53617	0	-4.151e-005	0.52235	0	0.74622	0	0	0
0.45345	0.52713	0	-4.7566e-005	0.60725	0	0.86751	0	0	0
0.45445	0.51757	0	-5.5519e-005	0.71915	0	1.0274	0	0	0
0.45546	0.50743	0	-6.5443e-005	0.86007	0	1.2287	0	0	0
0.45646	0.49669	0	-7.7211e-005	1.0295	0	1.4707	0	0	0
0.45746	0.48529	0	-9.0646e-005	1.2261	0	1.7515	0	0	0
0.45846	0.47317	0	-0.00010548	1.4471	0	2.0673	0	0	0
0.45946	0.46028	0	-0.00012162	1.6925	0	2.4179	0	0	0
0.46046	0.44655	0	-0.00013912	1.9639	0	2.8056	0	0	0
0.46146	0.43191	0	-0.00015835	2.2678	0	3.2397	0	0	0
0.46246	0.41627	0	-0.00017995	2.6152	0	3.7359	0	0	0
0.46346	0.39954	0	-0.00020493	3.023	0	4.3186	0	0	0
0.46446	0.3816	0	-0.00023453	3.513	0	5.0185	0	0	0
0.46547	0.36234	0	-0.00027038	4.1138	0	5.8768	0	0	0
0.46647	0.3416	0	-0.00031437	4.8604	0	6.9434	0	0	0
0.46747	0.3192	0	-0.00036865	5.7944	0	8.2778	0	0	0
0.46847	0.29495	0	-0.0004361	6.9722	0	9.9603	0	0	0
0.46947	0.2686	0	-0.00052027	8.4662	0	12.095	0	0	0
0.47047	0.23983	0	-0.00062603	10.378	0	14.826	0	0	0
0.47147	0.20829	0	-0.00076024	12.855	0	18.365	0	0	0
0.47247	0.17352	0	-0.00093242	16.111	0	23.016	0	0	0
0.47347	0.13493	0	-0.001157	20.479	0	29.255	0	0	0
0.47447	0.091822	0	-0.0014542	26.459	0	37.799	0	0	0
0.47548	0.043277	0	-0.0018549	34.865	0	49.807	0	0	0
0.47648	-0.011854	0	-0.0024044	47.003	0	67.148	0	0	0
0.47748	-0.075011	0	-0.0031703	65.036	0	92.908	0	0	0
0.47848	-0.1479	0	-0.0042524	92.554	0	132.22	0	0	0
0.47948	-0.23228	0	-0.005791	135.22	0	193.17	0	0	0
0.48048	-0.32917	0	-0.0079591	200.25	0	286.07	0	0	0
0.48148	-0.42822	0	-0.01085	328.86	0	407.72	0	0	0
0.48248	-0.51143	0	-0.014148	-5.0211	0	511.81	0	0	0
0.48348	-0.57392	0	-0.01725	-1.0166	0	537.62	0	0	0
0.48448	-0.61411	0	-0.019603	3.4442	0	469.45	0	0	0
0.48549	-0.6346	0	-0.020977	4.8837	0	353.96	0	0	0
0.48649	-0.64013	0	-0.021473	3.8979	0	244.67	0	0	0
0.48749	-0.63527	0	-0.021328	2.2974	0	164.27	0	0	0
0.48849	-0.62336	0	-0.020771	0.98785	0	112.11	0	0	0
0.48949	-0.60653	0	-0.019965	0.099491	0	80.344	0	0	0
0.49049	-0.58603	0	-0.019022	-0.4019	0	61.656	0	0	0
0.49149	-0.56258	0	-0.01801	-0.69916	0	51.026	0	0	0
0.49249	-0.53655	0	-0.016978	-0.848	0	45.334	0	0	0
0.49349	-0.50816	0	-0.015959	-0.88981	0	42.711	0	0	0
0.49449	-0.47753	0	-0.014979	-0.84446	0	42.032	0	0	0
0.4955	-0.44474	0	-0.014059	-0.72227	0	42.606	0	0	0
0.4965	-0.40988	0	-0.013218	-0.53181	0	43.985	0	0	0
0.4975	-0.37307	0	-0.012471	-0.28352	0	45.861	0	0	0
0.4985	-0.33455	0	-0.011832	-0.0012053	0	47.992	0	0	0
0.4995	-0.29654	0	-0.011303	0.29255	0	49.753	0	0	0
0.5005	-0.26038	0	-0.010874	0.53351	0	50.804	0	0	0
0.5015	-0.22631	0	-0.010525	0.70873	0	51.078	0	0	0
0.5025	-0.19451	0	-0.010237	0.80831	0	50.53	0	0	0
0.5035	-0.16506	0	-0.0099887	0.83272	0	49.154	0	0	0
0.5045	-0.138	0	-0.0097596	0.79203	0	46.997	0	0	0
0.50551	-0.11331	0	-0.0095314	0.70315	0	44.164	0	0	0
0.50651	-0.090879	0	-0.0092885	0.58574	0	40.809	0	0	0
0.50751	-0.070589	0	-0.0090192	0.45814	0	37.118	0	0	0
0.50851	-0.052274	0	-0.0087155	0.33519	0	33.283	0	0	0
0.50951	-0.035754	0	-0.0083727	0.22662	0	29.475	0	0	0
0.51051	-0.02084	0	-0.0079891	0.13709	0	25.833	0	0	0
0.51151	-0.0073492	0	-0.0075652	0.067802	0	22.452	0	0	0
0.51251	0.0048934	0	-0.0071031	0.012656	0	19.387	0	0	0
0.51351	0.016047	0	-0.006606	-0.0051806	0	16.655	0	0	0
0.51451	0.026258	0	-0.0060778	-0.03885	0	14.249	0	0	0
0.51552	0.035652	0	-0.0055223	-0.047909	0	12.143	0	0	0
0.51652	0.044343	0	-0.0049438	-0.049879	0	10.3	0	0	0
0.51752	0.052431	0	-0.0043462	-0.045628	0	8.6789	0	0	0
0.51852	0.060003	0	-0.0037335	-0.036379	0	7.235	0	0	0
0.51952	0.067136	0	-0.0031095	-0.023132	0	5.9254	0	0	0
0.52052	0.073901	0	-0.002478	-0.0044302	0	4.7072	0	0	0
0.52152	0.080362	0	-0.0018429	0.010236	0	3.539	0	0	0
0.52252	0.08658	0	-0.0012081	0.025279	0	2.3792	0	0	0
0.52352	0.092617	0	-0.0005779	0.028482	0	1.1838	0	0	0
0.52452	0	0	0	0	0	0	0	0	0
0.52553	0	0	0	0	0	0	0	0	0
0.52653	0	0	0	0	0	0	0	0	0
0.52753	0	0	0	0	0	0	0	0	0
0.52853	0	0	0	0	0	0	0	0	0
0.52953	0	0	0	0	0	0	0	0	0
0.53053	0	0	0	0	0	0	0	0	0
0.53153	0	0	0	0	0	0	0	0	0
0.53253	0	0	0	0	0	0	0	0	0
0.53353	0	0	0	0	0	0	0	0	0
0.53453	0	0	0	0	0	0	0	0	0
0.53554	0	0	0	0	0	0	0	0	0
0.53654	0	0	0	0	0	0	0	0	0
0.53754	0	0	0	0	0	0	0	0	0
0.53854	0	0	0	0	0	0	0	0	0
0.53954	0	0	0	0	0	0	0	0	0
0.54054	0	0	0	0	0	0	0	0	0
0.54154	0	0	0	0	0	0	0	0	0
0.54254	0	0	0	0	0	0	0	0	0
0.54354	0	0	0	0	0	0	0	0	0
0.54454	0	0	0	0	0	0	0	0	0
0.54555	0	0	0	0	0	0	0	0	0
0.54655	0	0	0	0	0	0	0	0	0
0.54755	0	0	0	0	0	0	0	0	0
0.54855	0	0	0	0	0	0	0	0	0
0.54955	0	0	0	0	0	0	0	0	0
0.55055	0	0	0	0	0	0	0	0	0
0.55155	0	0	0	0	0	0	0	0	0
0.55255	0	0	0	0	0	0	0	0	0
0.55355	0	0	0	0	0	0	0	0	0
0.55455	0	0	0	0	0	0	0	0	0
0.55556	0	0	0	0	0	0	0	0	0
0.55656	0	0	0	0	0	0	0	0	0
0.55756	0	0	0	0	0	0	0	0	0
0.55856	0	0	0	0	0	0	0	0	0
0.55956	0	0	0	0	0	0	0	0	0
0.56056	0	0	0	0	0	0	0	0	0
0.56156	0	0	0	0	0	0	0	0	0
0.56256	0	0	0	0	0	0	0	0	0
0.56356	0	0	0	0	0	0	0	0	0
0.56456	0	0	0	0	0	0	0	0	0
0.56557	0	0	0	0	0	0	0	0	0
0.56657	0	0	0	0	0	0	0	0	0
0.56757	0	0	0	0	0	0	0	0	0
0.56857	0	0	0	0	0	0	0	0	0
0.56957	0	0	0	0	0	0	0	0	0
0.57057	0	0	0	0	0	0	0	0	0
0.57157	0	0	0	0	0	0	0	0	0
0.57257	0	0	0	0	0	0	0	0	0
0.57357	0	0	0	0	0	0	0	0	0
0.57457	0	0	0	0	0	0	0	0	0
0.57558	0	0	0	0	0	0	0	0	0
0.57658	0	0	0	0	0	0	0	0	0
0.57758	0	0	0	0	0	0	0	0	0
0.57858	0	0	0	0	0	0	0	0	0
0.57958	0	0	0	0	0	0	0	0	0
0.58058	0	0	0	0	0	0	0	0	0
0.58158	0	0	0	0	0	0	0	0	0
0.58258	0	0	0	0	0	0	0	0	0
0.58358	0	0	0	0	0	0	0	0	0
0.58458	0	0	0	0	0	0	0	0	0
0.58559	0	0	0	0	0	0	0	0	0
0.58659	0	0	0	0	0	0	0	0	0
0.58759	0	0	0	0	0	0	0	0	0
0.58859	0	0	0	0	0	0	0	0	0
0.58959	0	0	0	0	0	0	0	0	0
0.59059	0	0	0	0	0	0	0	0	0
0.59159	0	0	0	0	0	0	0	0	0
0.59259	0	0	0	0	0	0	0	0	0
0.59359	0	0	0	0	0	0	0	0	0
0.59459	0	0	0	0	0	0	0	0	0
0.5956	0	0	0	0	0	0	0	0	0
0.5966	0	0	0	0	0	0	0	0	0
0.5976	0	0	0	0	0	0	0	0	0
0.5986	0	0	0	0	0	0	0	0	0
0.5996	0	0	0	0	0	0	0	0	0
0.6006	0	0	0	0	0	0	0	0	0
0.6016	0	0	0	0	0	0	0	0	0
0.6026	0	0	0	0	0	0	0	0	0
0.6036	0	0	0	0	0	0	0	0	0
0.6046	0	0	0	0	0	0	0	0	0
0.60561	0	0	0	0	0	0	0	0	0
0.60661	0	0	0	0	0	0	0	0	0
0.60761	0	0	0	0	0	0	0	0	0
0.60861	0	0	0	0	0	0	0	0	0
0.60961	0	0	0	0	0	0	0	0	0
0.61061	0	0	0	0	0	0	0	0	0
0.61161	0	0	0	0	0	0	0	0	0
0.61261	0	0	0	0	0	0	0	0	0
0.61361	0	0	0	0	0	0	0	0	0
0.61461	0	0	0	0	0	0	0	0	0
0.61562	0	0	0	0	0	0	0	0	0
0.61662	0	0	0	0	0	0	0	0	0
0.61762	0	0	0	0	0	0	0	0	0
0.61862	0	0	0	0	0	0	0	0	0
0.61962	0	0	0	0	0	0	0	0	0
0.62062	0	0	0	0	0	0	0	0	0
0.62162	0	0	0	0	0	0	0	0	0
0.62262	0	0	0	0	0	0	0	0	0
0.62362	0	0	0	0	0	0	0	0	0
0.62462	0.46059	0	-0.00019695	2.6474	0	2.7248	0	0	0
0.62563	0.4625	0	-0.00072416	9.6738	0	9.7317	0	0	0
0.62663	0.46409	0	-0.0011593	2.461	0	14.572	0	0	0
0.62763	0.46523	0	-0.0014582	-7.4735	0	16.774	0	0	0
0.62863	0.46588	0	-0.0016055	-8.4543	0	16.667	0	0	0
0.62963	0.46603	0	-0.0016026	-7.6997	0	14.952	0	0	0
0.63063	0.46575	0	-0.0014658	-6.3691	0	12.368	0	0	0
0.63163	0.46511	0	-0.0012194	-4.837	0	9.4494	0	0	0
0.63263	0.46418	0	-0.00089173	-3.2851	0	6.4875	0	0	0
0.63363	0.46306	0	-0.00051129	-1.7873	0	3.5864	0	0	0
0.63463	0.46182	0	-0.00010613	-0.35965	0	0.7388	0	0	0
0.63564	0	0	0	0	0	0	0	0	0
0.63664	0	0	0	0	0	0	0	0	0
0.63764	0	0	0	0	0	0	0	0	0
0.63864	0	0	0	0	0	0	0	0	0
0.63964	0	0	0	0	0	0	0	0	0
0.64064	0	0	0	0	0	0	0	0	0
0.64164	0	0	0	0	0	0	0	0	0
0.64264	0	0	0	0	0	0	0	0	0
0.64364	0	0	0	0	0	0	0	0	0
0.64464	0	0	0	0	0	0	0	0	0
0.64565	0	0	0	0	0	0	0	0	0
0.64665	0	0	0	0	0	0	0	0	0
0.64765	0	0	0	0	0	0	0	0	0
0.64865	0	0	0	0	0	0	0	0	0
0.64965	0	0	0	0	0	0	0	0	0
0.65065	0	0	0	0	0	0	0	0	0
0.65165	0	0	0	0	0	0	0	0	0
0.65265	0	0	0	0	0	0	0	0	0
0.65365	0	0	0	0	0	0	0	0	0
0.65465	0	0	0	0	0	0	0	0	0
0.65566	0	0	0	0	0	0	0	0	0
0.65666	0	0	0	0	0	0	0	0	0
0.65766	0	0	0	0	0	0	0	0	0
0.65866	0	0	0	0	0	0	0	0	0
0.65966	0	0	0	0	0	0	0	0	0
0.66066	0	0	0	0	0	0	0	0	0
0.66166	0	0	0	0	0	0	0	0	0
0.66266	0	0	0	0	0	0	0	0	0
0.66366	0	0	0	0	0	0	0	0	0
0.66466	0	0	0	0	0	0	0	0	0
0.66567	0	0	0	0	0	0	0	0	0
0.66667	0	0	0	0	0	0	0	0	0
0.66767	0	0	0	0	0	0	0	0	0
0.66867	0	0	0	0	0	0	0	0	0
0.66967	0	0	0	0	0	0	0	0	0
0.67067	0	0	0	0	0	0	0	0	0
0.67167	0	0	0	0	0	0	0	0	0
0.67267	0	0	0	0	0	0	0	0	0
0.67367	0	0	0	0	0	0	0	0	0
0.67467	0	0	0	0	0	0	0	0	0
0.67568	0	0	0	0	0	0	0	0	0
0.67668	0	0	0	0	0	0	0	0	0
0.67768	0	0	0	0	0	0	0	0	0
0.67868	0	0	0	0	0	0	0	0	0
0.67968	0	0	0	0	0	0	0	0	0
0.68068	0	0	0	0	0	0	0	0	0
0.68168	0	0	0	0	0	0	0	0	0
0.68268	0	0	0	0	0	0	0	0	0
0.68368	0	0	0	0	0	0	0	0	0
0.68468	0	0	0	0	0	0	0	0	0
0.68569	0	0	0	0	0	0	0	0	0
0.68669	0	0	0	0	0	0	0	0	0
0.68769	0	0	0	0	0	0	0	0	0
0.68869	0	0	0	0	0	0	0	0	0
0.68969	0	0	0	0	0	0	0	0	0
0.69069	0	0	0	0	0	0	0	0	0
0.69169	0	0	0	0	0	0	0	0	0
0.69269	0	0	0	0	0	0	0	0	0
0.69369	0	0	0	0	0	0	0	0	0
0.69469	0	0	0	0	0	0	0	0	0
0.6957	0	0	0	0	0	0	0	0	0
0.6967	0	0	0	0	0	0	0	0	0
0.6977	0	0	0	0	0	0	0	0	0
0.6987	0	0	0	0	0	0	0	0	0
0.6997	0	0	0	0	0	0	0	0	0
0.7007	0	0	0	0	0	0	0	0	0
0.7017	0	0	0	0	0	0	0	0	0
0.7027	0	0	0	0	0	0	0	0	0
0.7037	0	0	0	0	0	0	0	0	0
0.7047	0	0	0	0	0	0	0	0	0
0.70571	0	0	0	0	0	0	0	0	0
0.70671	0	0	0	0	0	0	0	0	0
0.70771	0	0	0	0	0	0	0	0	0
0.70871	0	0	0	0	0	0	0	0	0
0.70971	0	0	0	0	0	0	0	0	0
0.71071	0	0	0	0	0	0	0	0	0
0.71171	0	0	0	0	0	0	0	0	0
0.71271	0	0	0	0	0	0	0	0	0
0.71371	0	0	0	0	0	0	0	0	0
0.71471	0	0	0	0	0	0	0	0	0
0.71572	0.32525	0	-0.00010074	1.2067	0	1.5454	0	0	0
0.71672	0.32298	0	-0.00050534	2.572	0	7.6744	0	0	0
0.71772	0.32034	0	-0.00086027	-1.3176	0	12.678	0	0	0
0.71872	0.31713	0	-0.0011286	-3.2316	0	15.893	0	0	0
0.71972	0.31318	0	-0.0012876	-3.5341	0	17.154	0	0	0
0.72072	0.30842	0	-0.0013292	-3.2259	0	16.7	0	0	0
0.72172	0.30283	0	-0.0012589	-2.6152	0	14.963	0	0	0
0.72272	0.29647	0	-0.0010919	-1.8645	0	12.385	0	0	0
0.72372	0.28942	0	-0.00084963	-1.0996	0	9.3156	0	0	0
0.72472	0.28179	0	-0.00055688	-0.42832	0	5.9936	0	0	0
0.72573	0.27372	0	-0.00023936	0.009619	0	2.5705	0	0	0
0.72673	0	0	0	0	0	0	0	0	0
0.72773	0	0	0	0	0	0	0	0	0
0.72873	0	0	0	0	0	0	0	0	0
0.72973	0	0	0	0	0	0	0	0	0
0.73073	0	0	0	0	0	0	0	0	0
0.73173	0	0	0	0	0	0	0	0	0
0.73273	0	0	0	0	0	0	0	0	0
0.73373	0	0	0	0	0	0	0	0	0
0.73473	0	0	0	0	0	0	0	0	0
0.73574	0	0	0	0	0	0	0	0	0
0.73674	0	0	0	0	0	0	0	0	0
0.73774	0	0	0	0	0	0	0	0	0
0.73874	0	0	0	0	0	0	0	0	0
0.73974	0	0	0	0	0	0	0	0	0
0.74074	0	0	0	0	0	0	0	0	0
0.74174	0	0	0	0	0	0	0	0	0
0.74274	0	0	0	0	0	0	0	0	0
0.74374	0	0	0	0	0	0	0	0	0
0.74474	0	0	0	0	0	0	0	0	0
0.74575	0	0	0	0	0	0	0	0	0
0.74675	0	0	0	0	0	0	0	0	0
0.74775	0	0	0	0	0	0	0	0	0
0.74875	0	0	0	0	0	0	0	0	0
0.74975	0	0	0	0	0	0	0	0	0
0.75075	0	0	0	0	0	0	0	0	0
0.75175	0	0	0	0	0	0	0	0	0
0.75275	-0.031185	0	-7.6581e-007	0.012439	0	0.012738	0	0	0
0.75375	-0.046327	0	-0.00040178	6.6515	0	6.7623	0	0	0
0.75475	-0.062089	0	-0.00082258	13.898	0	13.912	0	0	0
0.75576	-0.078769	0	-0.0012495	4.8768	0	21.111	0	0	0
0.75676	-0.096674	0	-0.0016721	0.63178	0	28.095	0	0	0
0.75776	-0.11608	0	-0.0020844	0.51001	0	34.719	0	0	0
0.75876	-0.13723	0	-0.0024848	0.55555	0	40.959	0	0	0
0.75976	-0.16034	0	-0.0028759	0.60241	0	46.9	0	0	0
0.76076	-0.18555	0	-0.0032645	0.62859	0	52.71	0	0	0
0.76176	-0.21298	0	-0.0036604	0.61613	0	58.61	0	0	0
0.76276	-0.24266	0	-0.0040756	0.55101	0	64.835	0	0	0
0.76376	-0.27457	0	-0.0045228	0.42496	0	71.598	0	0	0
0.76476	-0.30853	0	-0.0050139	0.23906	0	79.03	0	0	0
0.76577	-0.34426	0	-0.0055572	0.012497	0	87.109	0	0	0
0.76677	-0.37985	0	-0.0061526	-0.22497	0	95.366	0	0	0
0.76777	-0.4135	0	-0.0067817	-0.39846	0	102.9	0	0	0
0.76877	-0.44466	0	-0.0074164	-0.48232	0	108.73	0	0	0
0.76977	-0.47286	0	-0.008023	-0.45829	0	111.92	0	0	0
0.77077	-0.49771	0	-0.0085663	-0.33728	0	111.84	0	0	0
0.77177	-0.51901	0	-0.0090142	-0.14933	0	108.33	0	0	0
0.77277	-0.5367	0	-0.0093415	0.0041603	0	101.75	0	0	0
0.77377	-0.55091	0	-0.0095328	0.21495	0	92.904	0	0	0
0.77477	-0.56185	0	-0.009583	0.33164	0	82.777	0	0	0
0.77578	-0.56985	0	-0.0094955	0.39388	0	72.304	0	0	0
0.77678	-0.57524	0	-0.0092806	0.40652	0	62.211	0	0	0
0.77778	-0.57839	0	-0.0089521	0.3835	0	52.967	0	0	0
0.77878	-0.57961	0	-0.0085257	0.33886	0	44.8	0	0	0
0.77978	-0.57921	0	-0.0080171	0.2841	0	37.757	0	0	0
0.78078	-0.57744	0	-0.0074408	0.22718	0	31.771	0	0	0
0.78178	-0.57451	0	-0.0068103	0.17303	0	26.714	0	0	0
0.78278	-0.57061	0	-0.006137	0.12429	0	22.434	0	0	0
0.78378	-0.5659	0	-0.0054312	0.081985	0	18.778	0	0	0
0.78478	-0.5605	0	-0.0047016	0.046462	0	15.604	0	0	0
0.78579	-0.55452	0	-0.0039558	0.013254	0	12.787	0	0	0
0.78679	-0.54807	0	-0.0032005	-4.4399e-007	0	10.216	0	0	0
0.78779	-0.54122	0	-0.0024415	-0.021966	0	7.7945	0	0	0
0.78879	-0.53407	0	-0.0016841	-0.03057	0	5.4414	0	0	0
0.78979	-0.52667	0	-0.00093312	-0.029807	0	3.0843	0	0	0
0.79079	-0.51912	0	-0.00019302	-0.010728	0	0.6588	0	0	0
0.79179	0	0	0	0	0	0	0	0	0
0.79279	0	0	0	0	0	0	0	0	0
0.79379	0	0	0	0	0	0	0	0	0
0.79479	0	0	0	0	0	0	0	0	0
0.7958	0	0	0	0	0	0	0	0	0
0.7968	0	0	0	0	0	0	0	0	0
0.7978	0	0	0	0	0	0	0	0	0
0.7988	0	0	0	0	0	0	0	0	0
0.7998	0	0	0	0	0	0	0	0	0
0.8008	0	0	0	0	0	0	0	0	0
0.8018	0	0	0	0	0	0	0	0	0
0.8028	0	0	0	0	0	0	0	0	0
0.8038	0	0	0	0	0	0	0	0	0
0.8048	0	0	0	0	0	0	0	0	0
0.80581	0	0	0	0	0	0	0	0	0
0.80681	0	0	0	0	0	0	0	0	0
0.80781	0	0	0	0	0	0	0	0	0
0.80881	0	0	0	0	0	0	0	0	0
0.80981	0	0	0	0	0	0	0	0	0
0.81081	0	0	0	0	0	0	0	0	0
0.81181	0	0	0	0	0	0	0	0	0
0.81281	0	0	0	0	0	0	0	0	0
0.81381	0	0	0	0	0	0	0	0	0
0.81481	0	0	0	0	0	0	0	0	0
0.81582	0	0	0	0	0	0	0	0	0
0.81682	0	0	0	0	0	0	0	0	0
0.81782	0	0	0	0	0	0	0	0	0
0.81882	0	0	0	0	0	0	0	0	0
0.81982	0	0	0	0	0	0	0	0	0
0.82082	0	0	0	0	0	0	0	0	0
0.82182	0	0	0	0	0	0	0	0	0
0.82282	0	0	0	0	0	0	0	0	0
0.82382	0	0	0	0	0	0	0	0	0
0.82482	0	0	0	0	0	0	0	0	0
0.82583	0	0	0	0	0	0	0	0	0
0.82683	0	0	0	0	0	0	0	0	0
0.82783	0	0	0	0	0	0	0	0	0
0.82883	0	0	0	0	0	0	0	0	0
0.82983	0	0	0	0	0	0	0	0	0
0.83083	0	0	0	0	0	0	0	0	0
0.83183	0	0	0	0	0	0	0	0	0
0.83283	0	0	0	0	0	0	0	0	0
0.83383	0	0	0	0	0	0	0	0	0
0.83483	0	0	0	0	0	0	0	0	0
0.83584	0	0	0	0	0	0	0	0	0
0.83684	0	0	0	0	0	0	0	0	0
0.83784	0	0	0	0	0	0	0	0	0
0.83884	0	0	0	0	0	0	0	0	0
0.83984	0	0	0	0	0	0	0	0	0
0.84084	0	0	0	0	0	0	0	0	0
0.84184	0	0	0	0	0	0	0	0	0
0.84284	0	0	0	0	0	0	0	0	0
0.84384	0	0	0	0	0	0	0	0	0
0.84484	0	0	0	0	0	0	0	0	0
0.84585	0	0	0	0	0	0	0	0	0
0.84685	0	0	0	0	0	0	0	0	0
0.84785	0	0	0	0	0	0	0	0	0
0.84885	0	0	0	0	0	0	0	0	0
0.84985	0	0	0	0	0	0	0	0	0
0.85085	0	0	0	0	0	0	0	0	0
0.85185	0	0	0	0	0	0	0	0	0
0.85285	0	0	0	0	0	0	0	0	0
0.85385	0	0	0	0	0	0	0	0	0
0.85485	0	0	0	0	0	0	0	0	0
0.85586	0	0	0	0	0	0	0	0	0
0.85686	0	0	0	0	0	0	0	0	0
0.85786	0	0	0	0	0	0	0	0	0
0.85886	0	0	0	0	0	0	0	0	0
0.85986	0	0	0	0	0	0	0	0	0
0.86086	0	0	0	0	0	0	0	0	0
0.86186	0	0	0	0	0	0	0	0	0
0.86286	0	0	0	0	0	0	0	0	0
0.86386	0	0	0	0	0	0	0	0	0
0.86486	0	0	0	0	0	0	0	0	0
0.86587	0	0	0	0	0	0	0	0	0
0.86687	0	0	0	0	0	0	0	0	0
0.86787	0	0	0	0	0	0	0	0	0
0.86887	0	0	0	0	0	0	0	0	0
0.86987	0	0	0	0	0	0	0	0	0
0.87087	0	0	0	0	0	0	0	0	0
0.87187	0	0	0	0	0	0	0	0	0
0.87287	0	0	0	0	0	0	0	0	0
0.87387	0	0	0	0	0	0	0	0	0
0.87487	0	0	0	0	0	0	0	0	0
0.87588	0	0	0	0	0	0	0	0	0
0.87688	0	0	0	0	0	0	0	0	0
0.87788	0	0	0	0	0	0	0	0	0
0.87888	0	0	0	0	0	0	0	0	0
0.87988	0.12365	0	-0.00062622	3.9605	0	9.3768	0	0	0
0.88088	0.12801	0	-0.0012481	-3.7031e-007	0	18.275	0	0	0
0.88188	0.13145	0	-0.0017946	-1.665	0	25.201	0	0	0
0.88288	0.13362	0	-0.0022308	-2.1307	0	29.551	0	0	0
0.88388	0.13433	0	-0.0025341	-2.3001	0	31.281	0	0	0
0.88488	0.13349	0	-0.0026952	-2.2442	0	30.788	0	0	0
0.88589	0.13112	0	-0.0027171	-2.0162	0	28.681	0	0	0
0.88689	0.12731	0	-0.0026116	-1.6817	0	25.569	0	0	0
0.88789	0.12218	0	-0.0023962	-1.3011	0	21.94	0	0	0
0.88889	0.11591	0	-0.0020913	-0.92054	0	18.118	0	0	0
0.88989	0.10865	0	-0.0017184	-0.57056	0	14.284	0	0	0
0.89089	0.10058	0	-0.001298	-0.27207	0	10.511	0	0	0
0.89189	0.091858	0	-0.00085004	-0.044312	0	6.8086	0	0	0
0.89289	0.082659	0	-0.00039267	0.075014	0	3.1571	0	0	0
0.89389	0	0	0	0	0	0	0	0	0
0.89489	0	0	0	0	0	0	0	0	0
0.8959	0	0	0	0	0	0	0	0	0
0.8969	0	0	0	0	0	0	0	0	0
0.8979	0	0	0	0	0	0	0	0	0
0.8989	0	0	0	0	0	0	0	0	0
0.8999	0	0	0	0	0	0	0	0	0
0.9009	0	0	0	0	0	0	0	0	0
0.9019	0	0	0	0	0	0	0	0	0
0.9029	0	0	0	0	0	0	0	0	0
0.9039	0	0	0	0	0	0	0	0	0
0.9049	0	0	0	0	0	0	0	0	0
0.90591	0	0	0	0	0	0	0	0	0
0.90691	0	0	0	0	0	0	0	0	0
0.90791	0	0	0	0	0	0	0	0	0
0.90891	0	0	0	0	0	0	0	0	0
0.90991	0	0	0	0	0	0	0	0	0
0.91091	0	0	0	0	0	0	0	0	0
0.91191	0	0	0	0	0	0	0	0	0
0.91291	0	0	0	0	0	0	0	0	0
0.91391	0	0	0	0	0	0	0	0	0
0.91491	0	0	0	0	0	0	0	0	0
0.91592	0	0	0	0	0	0	0	0	0
0.91692	0	0	0	0	0	0	0	0	0
0.91792	0	0	0	0	0	0	0	0	0
0.91892	0	0	0	0	0	0	0	0	0
0.91992	0	0	0	0	0	0	0	0	0
0.92092	0	0	0	0	0	0	0	0	0
0.92192	0	0	0	0	0	0	0	0	0
0.92292	0	0	0	0	0	0	0	0	0
0.92392	0	0	0	0	0	0	0	0	0
0.92492	0	0	0	0	0	0	0	0	0
0.92593	0	0	0	0	0	0	0	0	0
0.92693	0	0	0	0	0	0	0	0	0
0.92793	0	0	0	0	0	0	0	0	0
0.92893	-0.38042	0	-0.00043982	5.9773	0	6.735	0	0	0
0.92993	-0.39608	0	-0.0010144	3.3321	0	15.647	0	0	0
0.93093	-0.41132	0	-0.0016066	0.1729	0	24.802	0	0	0
0.93193	-0.426	0	-0.0022048	-0.090083	0	33.823	0	0	0
0.93293	-0.43994	0	-0.0027956	-0.087361	0	42.307	0	0	0
0.93393	-0.45293	0	-0.0033653	-0.071438	0	49.852	0	0	0
0.93493	-0.46477	0	-0.0038996	-0.04459	0	56.107	0	0	0
0.93594	-0.47527	0	-0.0043848	-0.011193	0	60.807	0	0	0
0.93694	-0.48427	0	-0.0048088	0.026263	0	63.814	0	0	0
0.93794	-0.49164	0	-0.0051615	0.071684	0	65.125	0	0	0
0.93894	-0.49731	0	-0.005436	0.10403	0	64.868	0	0	0
0.93994	-0.50126	0	-0.0056284	0.12529	0	63.269	0	0	0
0.94094	-0.50352	0	-0.0057381	0.13389	0	60.615	0	0	0
0.94194	-0.50413	0	-0.0057674	0.13046	0	57.207	0	0	0
0.94294	-0.5032	0	-0.0057208	0.11705	0	53.325	0	0	0
0.94394	-0.50083	0	-0.0056047	0.096436	0	49.207	0	0	0
0.94494	-0.49714	0	-0.0054267	0.071846	0	45.037	0	0	0
0.94595	-0.49225	0	-0.0051948	0.046338	0	40.946	0	0	0
0.94695	-0.48628	0	-0.0049173	0.022441	0	37.016	0	0	0
0.94795	-0.47936	0	-0.0046024	0.0035602	0	33.29	0	0	0
0.94895	-0.47158	0	-0.0042579	-0.0082496	0	29.784	0	0	0
0.94995	-0.46306	0	-0.0038908	-0.032134	0	26.495	0	0	0
0.95095	-0.45388	0	-0.0035079	-0.042183	0	23.406	0	0	0
0.95195	-0.44415	0	-0.0031152	-0.047095	0	20.496	0	0	0
0.95295	-0.43392	0	-0.0027182	-0.048526	0	17.74	0	0	0
0.95395	-0.42329	0	-0.0023218	-0.047675	0	15.114	0	0	0
0.95495	-0.4123	0	-0.0019303	-0.04433	0	12.599	0	0	0
0.95596	-0.40101	0	-0.0015476	-0.038984	0	10.175	0	0	0
0.95696	-0.38948	0	-0.0011773	-0.032122	0	7.8295	0	0	0
0.95796	-0.37773	0	-0.00082255	-0.024145	0	5.554	0	0	0
0.95896	-0.36579	0	-0.00048616	-0.01537	0	3.3442	0	0	0
0.95996	-0.3537	0	-0.0001708	-0.0058613	0	1.2005	0	0	0
0.96096	0	0	0	0	0	0	0	0	0
0.96196	0	0	0	0	0	0	0	0	0
0.96296	0	0	0	0	0	0	0	0	0
0.96396	0	0	0	0	0	0	0	0	0
0.96496	0	0	0	0	0	0	0	0	0
0.96597	0	0	0	0	0	0	0	0	0
0.96697	0	0	0	0	0	0	0	0	0
0.96797	0	0	0	0	0	0	0	0	0
0.96897	0	0	0	0	0	0	0	0	0
0.96997	0	0	0	0	0	0	0	0	0
0.97097	0	0	0	0	0	0	0	0	0
0.97197	0	0	0	0	0	0	0	0	0
0.97297	0	0	0	0	0	0	0	0	0
0.97397	0	0	0	0	0	0	0	0	0
0.97497	0	0	0	0	0	0	0	0	0
0.97598	0	0	0	0	0	0	0	0	0
0.97698	0	0	0	0	0	0	0	0	0
0.97798	0	0	0	0	0	0	0	0	0
0.97898	0	0	0	0	0	0	0	0	0
0.97998	0	0	0	0	0	0	0	0	0
0.98098	0	0	0	0	0	0	0	0	0
0.98198	0	0	0	0	0	0	0	0	0
0.98298	0	0	0	0	0	0	0	0	0
0.98398	0	0	0	0	0	0	0	0	0
0.98498	0	0	0	0	0	0	0	0	0
0.98599	-0.077069	0	-2.7642e-005	0.11389	0	0.31176	0	0	0
0.98699	-0.068122	0	-0.0003032	1.0367	0	3.4562	0	0	0
0.98799	-0.059423	0	-0.00058923	1.038	0	6.7516	0	0	0
0.98899	-0.0511	0	-0.00087668	0.48468	0	10.039	0	0	0
0.98999	-0.043284	0	-0.0011558	0.090309	0	13.146	0	0	0
0.99099	-0.036101	0	-0.0014165	-0.091233	0	15.907	0	0	0
0.99199	-0.029661	0	-0.0016493	-0.19867	0	18.179	0	0	0
0.99299	-0.024056	0	-0.0018455	-0.28487	0	19.861	0	0	0
0.99399	-0.019352	0	-0.0019981	-0.35478	0	20.901	0	0	0
0.99499	-0.015588	0	-0.0021022	-0.40538	0	21.301	0	0	0
0.996	-0.012777	0	-0.0021546	-0.4342	0	21.103	0	0	0
0.997	-0.010908	0	-0.0021548	-0.44118	0	20.382	0	0	0
0.998	-0.0099446	0	-0.0021039	-0.42822	0	19.23	0	0	0
0.999	-0.0098362	0	-0.0020051	-0.39859	0	17.74	0	0	0
1	-0.010514	0	-0.0018629	-0.3563	0	16.001	0	0	0
